0.0 0.5273040058135987 0.509706
15.0 0.5303520029067993 0.5323595783958435
30.0 0.5303520029067993 0.5323595783958435
45.0 0.5334 0.5578449216041564
60.0 0.5303520029067993 0.5323595783958435
75.0 0.5303520029067993 0.5323595783958435
90.0 0.5273040058135987 0.509706
105.0 0.5273040058135987 0.509706
120.0 0.5273040058135987 0.509706
135.0 0.5273040058135987 0.509706
150.0 0.5273040058135987 0.509706
165.0 0.524256008720398 0.48422071080207824
180.0 0.524256008720398 0.48422071080207824
195.0 0.5212080116271973 0.4615670783958435
210.0 0.5151120174407959 0.4190916054010391
225.0 0.5151120174407959 0.4190916054010391
240.0 0.5151120174407959 0.4190916054010391
255.0 0.5151120174407959 0.4190916054010391
270.0 0.5181600145339966 0.43891349999999996
285.0 0.5181600145339966 0.43891349999999996
300.0 0.5212080116271973 0.4615670783958435
315.0 0.524256008720398 0.48422071080207824
330.0 0.5212080116271973 0.4615670783958435
345.0 0.524256008720398 0.48422071080207824
360.0 0.524256008720398 0.48422071080207824
375.0 0.5212080116271973 0.4615670783958435
390.0 0.5212080116271973 0.4615670783958435
405.0 0.5181600145339966 0.43891349999999996
420.0 0.5181600145339966 0.43891349999999996
435.0 0.5181600145339966 0.43891349999999996
450.0 0.5151120174407959 0.4190916054010391
465.0 0.5151120174407959 0.4190916054010391
480.0 0.5151120174407959 0.4190916054010391
495.0 0.5151120174407959 0.4190916054010391
510.0 0.5181600145339966 0.43891349999999996
525.0 0.5120639840126038 0.39643799999999996
540.0 0.5120639840126038 0.39643799999999996
555.0 0.5090159869194031 0.3766161054010391
570.0 0.5059679898262024 0.3596258945989609
585.0 0.5029199927330017 0.34546739459896086
600.0 0.49682399854660036 0.31431871080207824
615.0 0.49682399854660036 0.31431871080207824
630.0 0.49987199563980106 0.3284772108020782
645.0 0.5029199927330017 0.34546739459896086
660.0 0.5059679898262024 0.3596258945989609
675.0 0.5059679898262024 0.3596258945989609
690.0 0.5059679898262024 0.3596258945989609
705.0 0.5120639840126038 0.39643799999999996
720.0 0.5029199927330017 0.34546739459896086
735.0 0.5029199927330017 0.34546739459896086
750.0 0.5029199927330017 0.34546739459896086
765.0 0.5029199927330017 0.34546739459896086
780.0 0.5029199927330017 0.34546739459896086
795.0 0.49682399854660036 0.31431871080207824
810.0 0.49682399854660036 0.31431871080207824
825.0 0.49682399854660036 0.31431871080207824
840.0 0.49682399854660036 0.31431871080207824
855.0 0.49682399854660036 0.31431871080207824
870.0 0.49987199563980106 0.3284772108020782
885.0 0.49377600145339967 0.3001602108020782
900.0 0.49682399854660036 0.31431871080207824
915.0 0.49682399854660036 0.31431871080207824
930.0 0.49987199563980106 0.3284772108020782
945.0 0.5029199927330017 0.34546739459896086
960.0 0.49987199563980106 0.3284772108020782
975.0 0.49987199563980106 0.3284772108020782
990.0 0.49682399854660036 0.31431871080207824
1005.0 0.49682399854660036 0.31431871080207824
1020.0 0.49682399854660036 0.31431871080207824
1035.0 0.49682399854660036 0.31431871080207824
1050.0 0.5029199927330017 0.34546739459896086
1065.0 0.5059679898262024 0.3596258945989609
1080.0 0.5090159869194031 0.3766161054010391
1095.0 0.5151120174407959 0.4190916054010391
1110.0 0.5181600145339966 0.43891349999999996
1125.0 0.5181600145339966 0.43891349999999996
1140.0 0.5181600145339966 0.43891349999999996
1155.0 0.5181600145339966 0.43891349999999996
1170.0 0.5212080116271973 0.4615670783958435
1185.0 0.5151120174407959 0.4190916054010391
1200.0 0.5212080116271973 0.4615670783958435
1215.0 0.5120639840126038 0.39643799999999996
1230.0 0.5120639840126038 0.39643799999999996
1245.0 0.5120639840126038 0.39643799999999996
1260.0 0.5120639840126038 0.39643799999999996
1275.0 0.5120639840126038 0.39643799999999996
1290.0 0.5120639840126038 0.39643799999999996
1305.0 0.5120639840126038 0.39643799999999996
1320.0 0.5090159869194031 0.3766161054010391
1335.0 0.5090159869194031 0.3766161054010391
1350.0 0.5029199927330017 0.34546739459896086
1365.0 0.5029199927330017 0.34546739459896086
1380.0 0.49987199563980106 0.3284772108020782
1395.0 0.49682399854660036 0.31431871080207824
1410.0 0.49987199563980106 0.3284772108020782
1425.0 0.5029199927330017 0.34546739459896086
1440.0 0.5059679898262024 0.3596258945989609
1455.0 0.5090159869194031 0.3766161054010391
1470.0 0.5120639840126038 0.39643799999999996
1485.0 0.5151120174407959 0.4190916054010391
1500.0 0.5151120174407959 0.4190916054010391
1515.0 0.5151120174407959 0.4190916054010391
1530.0 0.5151120174407959 0.4190916054010391
1545.0 0.5181600145339966 0.43891349999999996
1560.0 0.5181600145339966 0.43891349999999996
1575.0 0.5212080116271973 0.4615670783958435
1590.0 0.5273040058135987 0.509706
1605.0 0.5334 0.5578449216041564
1620.0 0.5425439912796021 0.6343007891979218
1635.0 0.5547360159873963 0.7560639216041565
1650.0 0.5638800072669983 0.8636685
1665.0 0.566928004360199 0.9033122891979217
1680.0 0.5699760014533997 0.9429560783958435
1695.0 0.5730239985466004 0.9854315783958435
1710.0 0.5699760014533997 0.9429560783958435
1725.0 0.566928004360199 0.9033122891979217
1740.0 0.566928004360199 0.9033122891979217
1755.0 0.5608320101737977 0.8268564216041564
1770.0 0.557784013080597 0.7900442891979217
1785.0 0.5516879825592041 0.7192517891979218
1800.0 0.5455919883728028 0.6597860783958435
1815.0 0.5425439912796021 0.6343007891979218
1830.0 0.5394959941864014 0.6059837891979217
1845.0 0.5364479970932007 0.5833302108020783
1860.0 0.5334 0.5578449216041564
1875.0 0.5303520029067993 0.5323595783958435
1890.0 0.5273040058135987 0.509706
1905.0 0.5273040058135987 0.509706
1920.0 0.524256008720398 0.48422071080207824
1935.0 0.524256008720398 0.48422071080207824
1950.0 0.524256008720398 0.48422071080207824
1965.0 0.5212080116271973 0.4615670783958435
1980.0 0.5212080116271973 0.4615670783958435
1995.0 0.5151120174407959 0.4190916054010391
2010.0 0.5120639840126038 0.39643799999999996
2025.0 0.5090159869194031 0.3766161054010391
2040.0 0.5059679898262024 0.3596258945989609
2055.0 0.5059679898262024 0.3596258945989609
2070.0 0.5090159869194031 0.3766161054010391
2085.0 0.5090159869194031 0.3766161054010391
2100.0 0.5090159869194031 0.3766161054010391
2115.0 0.5090159869194031 0.3766161054010391
2130.0 0.5059679898262024 0.3596258945989609
2145.0 0.5029199927330017 0.34546739459896086
2160.0 0.5059679898262024 0.3596258945989609
2175.0 0.5029199927330017 0.34546739459896086
2190.0 0.49682399854660036 0.31431871080207824
2205.0 0.49377600145339967 0.3001602108020782
2220.0 0.49377600145339967 0.3001602108020782
2235.0 0.490728004360199 0.28600171080207826
2250.0 0.48768000726699834 0.2735422156791687
2265.0 0.48768000726699834 0.2735422156791687
2280.0 0.48463201017379764 0.2607995710802078
2295.0 0.490728004360199 0.28600171080207826
2310.0 0.48463201017379764 0.2607995710802078
2325.0 0.48463201017379764 0.2607995710802078
2340.0 0.48158401308059695 0.24805692648124694
2355.0 0.48158401308059695 0.24805692648124694
2370.0 0.48463201017379764 0.2607995710802078
2385.0 0.48463201017379764 0.2607995710802078
2400.0 0.48463201017379764 0.2607995710802078
2415.0 0.48463201017379764 0.2607995710802078
2430.0 0.48463201017379764 0.2607995710802078
2445.0 0.48463201017379764 0.2607995710802078
2460.0 0.48768000726699834 0.2735422156791687
2475.0 0.490728004360199 0.28600171080207826
2490.0 0.49682399854660036 0.31431871080207824
2505.0 0.5059679898262024 0.3596258945989609
2520.0 0.5120639840126038 0.39643799999999996
2535.0 0.5151120174407959 0.4190916054010391
2550.0 0.5212080116271973 0.4615670783958435
2565.0 0.5212080116271973 0.4615670783958435
2580.0 0.524256008720398 0.48422071080207824
2595.0 0.524256008720398 0.48422071080207824
2610.0 0.524256008720398 0.48422071080207824
2625.0 0.524256008720398 0.48422071080207824
2640.0 0.5212080116271973 0.4615670783958435
2655.0 0.5212080116271973 0.4615670783958435
2670.0 0.5181600145339966 0.43891349999999996
2685.0 0.5151120174407959 0.4190916054010391
2700.0 0.5120639840126038 0.39643799999999996
2715.0 0.5151120174407959 0.4190916054010391
2730.0 0.5120639840126038 0.39643799999999996
2745.0 0.5120639840126038 0.39643799999999996
2760.0 0.5151120174407959 0.4190916054010391
2775.0 0.5090159869194031 0.3766161054010391
2790.0 0.5059679898262024 0.3596258945989609
2805.0 0.5059679898262024 0.3596258945989609
2820.0 0.5029199927330017 0.34546739459896086
2835.0 0.5029199927330017 0.34546739459896086
2850.0 0.5059679898262024 0.3596258945989609
2865.0 0.5090159869194031 0.3766161054010391
2880.0 0.5151120174407959 0.4190916054010391
2895.0 0.5212080116271973 0.4615670783958435
2910.0 0.5181600145339966 0.43891349999999996
2925.0 0.5212080116271973 0.4615670783958435
2940.0 0.5212080116271973 0.4615670783958435
2955.0 0.5273040058135987 0.509706
2970.0 0.5212080116271973 0.4615670783958435
2985.0 0.5181600145339966 0.43891349999999996
3000.0 0.5181600145339966 0.43891349999999996
3015.0 0.5181600145339966 0.43891349999999996
3030.0 0.5181600145339966 0.43891349999999996
3045.0 0.5151120174407959 0.4190916054010391
3060.0 0.5151120174407959 0.4190916054010391
3075.0 0.5120639840126038 0.39643799999999996
3090.0 0.5090159869194031 0.3766161054010391
3105.0 0.5059679898262024 0.3596258945989609
3120.0 0.5059679898262024 0.3596258945989609
3135.0 0.5090159869194031 0.3766161054010391
3150.0 0.5090159869194031 0.3766161054010391
3165.0 0.5120639840126038 0.39643799999999996
3180.0 0.5151120174407959 0.4190916054010391
3195.0 0.5151120174407959 0.4190916054010391
3210.0 0.5212080116271973 0.4615670783958435
3225.0 0.5151120174407959 0.4190916054010391
3240.0 0.5151120174407959 0.4190916054010391
3255.0 0.5151120174407959 0.4190916054010391
3270.0 0.5120639840126038 0.39643799999999996
3285.0 0.5090159869194031 0.3766161054010391
3300.0 0.5120639840126038 0.39643799999999996
3315.0 0.5090159869194031 0.3766161054010391
3330.0 0.5059679898262024 0.3596258945989609
3345.0 0.5029199927330017 0.34546739459896086
3360.0 0.5029199927330017 0.34546739459896086
3375.0 0.5029199927330017 0.34546739459896086
3390.0 0.49987199563980106 0.3284772108020782
3405.0 0.49987199563980106 0.3284772108020782
3420.0 0.49682399854660036 0.31431871080207824
3435.0 0.49682399854660036 0.31431871080207824
3450.0 0.49987199563980106 0.3284772108020782
3465.0 0.48768000726699834 0.2735422156791687
3480.0 0.48463201017379764 0.2607995710802078
3495.0 0.47853601598739626 0.23588060783958434
3510.0 0.47853601598739626 0.23588060783958434
3525.0 0.4754879825592041 0.2239874656791687
3540.0 0.47853601598739626 0.23588060783958434
3555.0 0.47853601598739626 0.23588060783958434
3570.0 0.47853601598739626 0.23588060783958434
3585.0 0.48158401308059695 0.24805692648124694
3600.0 0.48463201017379764 0.2607995710802078
3615.0 0.48158401308059695 0.24805692648124694
3630.0 0.48158401308059695 0.24805692648124694
3645.0 0.48463201017379764 0.2607995710802078
3660.0 0.48158401308059695 0.24805692648124694
3675.0 0.47853601598739626 0.23588060783958434
3690.0 0.47853601598739626 0.23588060783958434
3705.0 0.4754879825592041 0.2239874656791687
3720.0 0.4754879825592041 0.2239874656791687
3735.0 0.4754879825592041 0.2239874656791687
3750.0 0.47243998546600346 0.2123775
3765.0 0.47243998546600346 0.2123775
3780.0 0.47243998546600346 0.2123775
3795.0 0.47243998546600346 0.2123775
3810.0 0.47243998546600346 0.2123775
3825.0 0.47243998546600346 0.2123775
3840.0 0.4754879825592041 0.2239874656791687
3855.0 0.47243998546600346 0.2123775
3870.0 0.47243998546600346 0.2123775
3885.0 0.4754879825592041 0.2239874656791687
3900.0 0.4754879825592041 0.2239874656791687
3915.0 0.4754879825592041 0.2239874656791687
3930.0 0.48158401308059695 0.24805692648124694
3945.0 0.48463201017379764 0.2607995710802078
3960.0 0.490728004360199 0.28600171080207826
3975.0 0.49682399854660036 0.31431871080207824
3990.0 0.5029199927330017 0.34546739459896086
4005.0 0.5090159869194031 0.3766161054010391
4020.0 0.5151120174407959 0.4190916054010391
4035.0 0.5120639840126038 0.39643799999999996
4050.0 0.5120639840126038 0.39643799999999996
4065.0 0.5151120174407959 0.4190916054010391
4080.0 0.5120639840126038 0.39643799999999996
4095.0 0.5120639840126038 0.39643799999999996
4110.0 0.5120639840126038 0.39643799999999996
4125.0 0.5120639840126038 0.39643799999999996
4140.0 0.5120639840126038 0.39643799999999996
4155.0 0.5090159869194031 0.3766161054010391
4170.0 0.5120639840126038 0.39643799999999996
4185.0 0.5090159869194031 0.3766161054010391
4200.0 0.5090159869194031 0.3766161054010391
4215.0 0.5059679898262024 0.3596258945989609
4230.0 0.5029199927330017 0.34546739459896086
4245.0 0.49987199563980106 0.3284772108020782
4260.0 0.49682399854660036 0.31431871080207824
4275.0 0.49377600145339967 0.3001602108020782
4290.0 0.49682399854660036 0.31431871080207824
4305.0 0.49987199563980106 0.3284772108020782
4320.0 0.5029199927330017 0.34546739459896086
4335.0 0.5090159869194031 0.3766161054010391
4350.0 0.5090159869194031 0.3766161054010391
4365.0 0.5120639840126038 0.39643799999999996
4380.0 0.5151120174407959 0.4190916054010391
4395.0 0.5151120174407959 0.4190916054010391
4410.0 0.5151120174407959 0.4190916054010391
4425.0 0.5151120174407959 0.4190916054010391
4440.0 0.5151120174407959 0.4190916054010391
4455.0 0.5151120174407959 0.4190916054010391
4470.0 0.5151120174407959 0.4190916054010391
4485.0 0.5120639840126038 0.39643799999999996
4500.0 0.5120639840126038 0.39643799999999996
4515.0 0.5120639840126038 0.39643799999999996
4530.0 0.5090159869194031 0.3766161054010391
4545.0 0.5059679898262024 0.3596258945989609
4560.0 0.5059679898262024 0.3596258945989609
4575.0 0.5059679898262024 0.3596258945989609
4590.0 0.5059679898262024 0.3596258945989609
4605.0 0.5090159869194031 0.3766161054010391
4620.0 0.5120639840126038 0.39643799999999996
4635.0 0.5151120174407959 0.4190916054010391
4650.0 0.5151120174407959 0.4190916054010391
4665.0 0.5151120174407959 0.4190916054010391
4680.0 0.524256008720398 0.48422071080207824
4695.0 0.5151120174407959 0.4190916054010391
4710.0 0.5151120174407959 0.4190916054010391
4725.0 0.5120639840126038 0.39643799999999996
4740.0 0.5120639840126038 0.39643799999999996
4755.0 0.5090159869194031 0.3766161054010391
4770.0 0.5090159869194031 0.3766161054010391
4785.0 0.5090159869194031 0.3766161054010391
4800.0 0.5090159869194031 0.3766161054010391
4815.0 0.5059679898262024 0.3596258945989609
4830.0 0.5059679898262024 0.3596258945989609
4845.0 0.5090159869194031 0.3766161054010391
4860.0 0.5029199927330017 0.34546739459896086
4875.0 0.49987199563980106 0.3284772108020782
4890.0 0.49682399854660036 0.31431871080207824
4905.0 0.49377600145339967 0.3001602108020782
4920.0 0.490728004360199 0.28600171080207826
4935.0 0.48768000726699834 0.2735422156791687
4950.0 0.48768000726699834 0.2735422156791687
4965.0 0.48768000726699834 0.2735422156791687
4980.0 0.490728004360199 0.28600171080207826
4995.0 0.490728004360199 0.28600171080207826
5010.0 0.490728004360199 0.28600171080207826
5025.0 0.490728004360199 0.28600171080207826
5040.0 0.48768000726699834 0.2735422156791687
5055.0 0.48463201017379764 0.2607995710802078
5070.0 0.48158401308059695 0.24805692648124694
5085.0 0.48158401308059695 0.24805692648124694
5100.0 0.4754879825592041 0.2239874656791687
5115.0 0.4754879825592041 0.2239874656791687
5130.0 0.47243998546600346 0.2123775
5145.0 0.47243998546600346 0.2123775
5160.0 0.46939198837280277 0.20105069729948044
5175.0 0.4663439912796021 0.18972389459896086
5190.0 0.4663439912796021 0.18972389459896086
5205.0 0.46939198837280277 0.20105069729948044
5220.0 0.46939198837280277 0.20105069729948044
5235.0 0.47243998546600346 0.2123775
5250.0 0.47243998546600346 0.2123775
5265.0 0.47243998546600346 0.2123775
5280.0 0.47243998546600346 0.2123775
5295.0 0.46939198837280277 0.20105069729948044
5310.0 0.4663439912796021 0.18972389459896086
5325.0 0.4632959941864014 0.17924660783958435
5340.0 0.4602479970932007 0.1687693210802078
5355.0 0.45720000000000005 0.15857519729948044
5370.0 0.45415200290679936 0.14894742648124695
5385.0 0.45110400581359866 0.13960280513906478
5400.0 0.44805600872039797 0.1305413737807274
5415.0 0.4450080116271973 0.12176310540103912
5430.0 0.4419600145339966 0.113268
5445.0 0.43891201744079594 0.10533924081015586
5460.0 0.4358639840126038 0.09797682108020782
5475.0 0.4328159869194031 0.09061440135025978
5490.0 0.4328159869194031 0.09061440135025978
5505.0 0.4297679898262024 0.08381832108020781
5520.0 0.4297679898262024 0.08381832108020781
5535.0 0.4267199927330017 0.07702224081015586
5550.0 0.4267199927330017 0.07702224081015586
5565.0 0.42367199563980107 0.0707925
5580.0 0.42367199563980107 0.0707925
5595.0 0.4206239985466004 0.06456275918984412
5610.0 0.4206239985466004 0.06456275918984412
5625.0 0.4206239985466004 0.06456275918984412
5640.0 0.4206239985466004 0.06456275918984412
5655.0 0.4175760014533997 0.058899357839584346
5670.0 0.4175760014533997 0.058899357839584346
5685.0 0.4175760014533997 0.058899357839584346
5700.0 0.42367199563980107 0.0707925
5715.0 0.4358639840126038 0.09797682108020782
5730.0 0.45415200290679936 0.14894742648124695
5745.0 0.46939198837280277 0.20105069729948044
5760.0 0.48158401308059695 0.24805692648124694
5775.0 0.49377600145339967 0.3001602108020782
5790.0 0.49987199563980106 0.3284772108020782
5805.0 0.5090159869194031 0.3766161054010391
5820.0 0.5120639840126038 0.39643799999999996
5835.0 0.5120639840126038 0.39643799999999996
5850.0 0.5151120174407959 0.4190916054010391
5865.0 0.5151120174407959 0.4190916054010391
5880.0 0.5151120174407959 0.4190916054010391
5895.0 0.5151120174407959 0.4190916054010391
5910.0 0.5151120174407959 0.4190916054010391
5925.0 0.5151120174407959 0.4190916054010391
5940.0 0.5151120174407959 0.4190916054010391
5955.0 0.5120639840126038 0.39643799999999996
5970.0 0.5151120174407959 0.4190916054010391
5985.0 0.5151120174407959 0.4190916054010391
6000.0 0.5181600145339966 0.43891349999999996
6015.0 0.5212080116271973 0.4615670783958435
6030.0 0.524256008720398 0.48422071080207824
6045.0 0.5273040058135987 0.509706
6060.0 0.5303520029067993 0.5323595783958435
6075.0 0.5334 0.5578449216041564
6090.0 0.5303520029067993 0.5323595783958435
6105.0 0.5303520029067993 0.5323595783958435
6120.0 0.5273040058135987 0.509706
6135.0 0.5273040058135987 0.509706
6150.0 0.524256008720398 0.48422071080207824
6165.0 0.524256008720398 0.48422071080207824
6180.0 0.5212080116271973 0.4615670783958435
6195.0 0.5181600145339966 0.43891349999999996
6210.0 0.5181600145339966 0.43891349999999996
6225.0 0.5151120174407959 0.4190916054010391
6240.0 0.5120639840126038 0.39643799999999996
6255.0 0.5090159869194031 0.3766161054010391
6270.0 0.5090159869194031 0.3766161054010391
6285.0 0.5059679898262024 0.3596258945989609
6300.0 0.5029199927330017 0.34546739459896086
6315.0 0.49987199563980106 0.3284772108020782
6330.0 0.49682399854660036 0.31431871080207824
6345.0 0.49377600145339967 0.3001602108020782
6360.0 0.490728004360199 0.28600171080207826
6375.0 0.48768000726699834 0.2735422156791687
6390.0 0.48768000726699834 0.2735422156791687
6405.0 0.48768000726699834 0.2735422156791687
6420.0 0.48768000726699834 0.2735422156791687
6435.0 0.490728004360199 0.28600171080207826
6450.0 0.49377600145339967 0.3001602108020782
6465.0 0.49682399854660036 0.31431871080207824
6480.0 0.49682399854660036 0.31431871080207824
6495.0 0.49682399854660036 0.31431871080207824
6510.0 0.49682399854660036 0.31431871080207824
6525.0 0.49682399854660036 0.31431871080207824
6540.0 0.49987199563980106 0.3284772108020782
6555.0 0.49682399854660036 0.31431871080207824
6570.0 0.49682399854660036 0.31431871080207824
6585.0 0.49682399854660036 0.31431871080207824
6600.0 0.49682399854660036 0.31431871080207824
6615.0 0.49682399854660036 0.31431871080207824
6630.0 0.49987199563980106 0.3284772108020782
6645.0 0.49987199563980106 0.3284772108020782
6660.0 0.49987199563980106 0.3284772108020782
6675.0 0.49987199563980106 0.3284772108020782
6690.0 0.49682399854660036 0.31431871080207824
6705.0 0.49377600145339967 0.3001602108020782
6720.0 0.490728004360199 0.28600171080207826
6735.0 0.48768000726699834 0.2735422156791687
6750.0 0.48768000726699834 0.2735422156791687
6765.0 0.48158401308059695 0.24805692648124694
6780.0 0.48158401308059695 0.24805692648124694
6795.0 0.47853601598739626 0.23588060783958434
6810.0 0.47853601598739626 0.23588060783958434
6825.0 0.47853601598739626 0.23588060783958434
6840.0 0.4754879825592041 0.2239874656791687
6855.0 0.4754879825592041 0.2239874656791687
6870.0 0.4754879825592041 0.2239874656791687
6885.0 0.47243998546600346 0.2123775
6900.0 0.47243998546600346 0.2123775
6915.0 0.47243998546600346 0.2123775
6930.0 0.47243998546600346 0.2123775
6945.0 0.46939198837280277 0.20105069729948044
6960.0 0.47243998546600346 0.2123775
6975.0 0.46939198837280277 0.20105069729948044
6990.0 0.46939198837280277 0.20105069729948044
7005.0 0.46939198837280277 0.20105069729948044
7020.0 0.46939198837280277 0.20105069729948044
7035.0 0.46939198837280277 0.20105069729948044
7050.0 0.46939198837280277 0.20105069729948044
7065.0 0.46939198837280277 0.20105069729948044
7080.0 0.46939198837280277 0.20105069729948044
7095.0 0.46939198837280277 0.20105069729948044
7110.0 0.46939198837280277 0.20105069729948044
7125.0 0.4663439912796021 0.18972389459896086
7140.0 0.4663439912796021 0.18972389459896086
7155.0 0.4663439912796021 0.18972389459896086
7170.0 0.46939198837280277 0.20105069729948044
7185.0 0.4663439912796021 0.18972389459896086
7200.0 0.4663439912796021 0.18972389459896086
7215.0 0.4663439912796021 0.18972389459896086
7230.0 0.4663439912796021 0.18972389459896086
7245.0 0.4663439912796021 0.18972389459896086
7260.0 0.4663439912796021 0.18972389459896086
7275.0 0.4663439912796021 0.18972389459896086
7290.0 0.4663439912796021 0.18972389459896086
7305.0 0.4663439912796021 0.18972389459896086
7320.0 0.4663439912796021 0.18972389459896086
7335.0 0.4663439912796021 0.18972389459896086
7350.0 0.4663439912796021 0.18972389459896086
7365.0 0.4663439912796021 0.18972389459896086
7380.0 0.46939198837280277 0.20105069729948044
7395.0 0.46939198837280277 0.20105069729948044
7410.0 0.46939198837280277 0.20105069729948044
7425.0 0.46939198837280277 0.20105069729948044
7440.0 0.47243998546600346 0.2123775
7455.0 0.4754879825592041 0.2239874656791687
7470.0 0.48158401308059695 0.24805692648124694
7485.0 0.49377600145339967 0.3001602108020782
7500.0 0.49987199563980106 0.3284772108020782
7515.0 0.5090159869194031 0.3766161054010391
7530.0 0.5120639840126038 0.39643799999999996
7545.0 0.5151120174407959 0.4190916054010391
7560.0 0.5151120174407959 0.4190916054010391
7575.0 0.5151120174407959 0.4190916054010391
7590.0 0.5151120174407959 0.4190916054010391
7605.0 0.5120639840126038 0.39643799999999996
7620.0 0.5120639840126038 0.39643799999999996
7635.0 0.5120639840126038 0.39643799999999996
7650.0 0.5090159869194031 0.3766161054010391
7665.0 0.5059679898262024 0.3596258945989609
7680.0 0.5059679898262024 0.3596258945989609
7695.0 0.5029199927330017 0.34546739459896086
7710.0 0.49987199563980106 0.3284772108020782
7725.0 0.49682399854660036 0.31431871080207824
7740.0 0.49682399854660036 0.31431871080207824
7755.0 0.49377600145339967 0.3001602108020782
7770.0 0.490728004360199 0.28600171080207826
7785.0 0.490728004360199 0.28600171080207826
7800.0 0.48768000726699834 0.2735422156791687
7815.0 0.48463201017379764 0.2607995710802078
7830.0 0.48463201017379764 0.2607995710802078
7845.0 0.48158401308059695 0.24805692648124694
7860.0 0.47853601598739626 0.23588060783958434
7875.0 0.47853601598739626 0.23588060783958434
7890.0 0.47853601598739626 0.23588060783958434
7905.0 0.47853601598739626 0.23588060783958434
7920.0 0.47853601598739626 0.23588060783958434
7935.0 0.48158401308059695 0.24805692648124694
7950.0 0.48463201017379764 0.2607995710802078
7965.0 0.48768000726699834 0.2735422156791687
7980.0 0.49377600145339967 0.3001602108020782
7995.0 0.49377600145339967 0.3001602108020782
8010.0 0.49682399854660036 0.31431871080207824
8025.0 0.49682399854660036 0.31431871080207824
8040.0 0.49682399854660036 0.31431871080207824
8055.0 0.49987199563980106 0.3284772108020782
8070.0 0.49987199563980106 0.3284772108020782
8085.0 0.49682399854660036 0.31431871080207824
8100.0 0.49682399854660036 0.31431871080207824
8115.0 0.49377600145339967 0.3001602108020782
8130.0 0.490728004360199 0.28600171080207826
8145.0 0.48768000726699834 0.2735422156791687
8160.0 0.48768000726699834 0.2735422156791687
8175.0 0.48463201017379764 0.2607995710802078
8190.0 0.48463201017379764 0.2607995710802078
8205.0 0.48768000726699834 0.2735422156791687
8220.0 0.490728004360199 0.28600171080207826
8235.0 0.49682399854660036 0.31431871080207824
8250.0 0.5029199927330017 0.34546739459896086
8265.0 0.5090159869194031 0.3766161054010391
8280.0 0.5120639840126038 0.39643799999999996
8295.0 0.5151120174407959 0.4190916054010391
8310.0 0.5181600145339966 0.43891349999999996
8325.0 0.5181600145339966 0.43891349999999996
8340.0 0.5151120174407959 0.4190916054010391
8355.0 0.5151120174407959 0.4190916054010391
8370.0 0.5151120174407959 0.4190916054010391
8385.0 0.5181600145339966 0.43891349999999996
8400.0 0.5151120174407959 0.4190916054010391
8415.0 0.5120639840126038 0.39643799999999996
8430.0 0.5120639840126038 0.39643799999999996
8445.0 0.5120639840126038 0.39643799999999996
8460.0 0.5120639840126038 0.39643799999999996
8475.0 0.5090159869194031 0.3766161054010391
8490.0 0.5059679898262024 0.3596258945989609
8505.0 0.5029199927330017 0.34546739459896086
8520.0 0.49682399854660036 0.31431871080207824
8535.0 0.49682399854660036 0.31431871080207824
8550.0 0.49377600145339967 0.3001602108020782
8565.0 0.49377600145339967 0.3001602108020782
8580.0 0.49377600145339967 0.3001602108020782
8595.0 0.49377600145339967 0.3001602108020782
8610.0 0.49377600145339967 0.3001602108020782
8625.0 0.49377600145339967 0.3001602108020782
8640.0 0.49377600145339967 0.3001602108020782
8655.0 0.49377600145339967 0.3001602108020782
8670.0 0.49377600145339967 0.3001602108020782
8685.0 0.490728004360199 0.28600171080207826
8700.0 0.490728004360199 0.28600171080207826
8715.0 0.490728004360199 0.28600171080207826
8730.0 0.49377600145339967 0.3001602108020782
8745.0 0.49682399854660036 0.31431871080207824
8760.0 0.5029199927330017 0.34546739459896086
8775.0 0.5059679898262024 0.3596258945989609
8790.0 0.5090159869194031 0.3766161054010391
8805.0 0.5090159869194031 0.3766161054010391
8820.0 0.5090159869194031 0.3766161054010391
8835.0 0.5059679898262024 0.3596258945989609
8850.0 0.5059679898262024 0.3596258945989609
8865.0 0.5029199927330017 0.34546739459896086
8880.0 0.49987199563980106 0.3284772108020782
8895.0 0.5029199927330017 0.34546739459896086
8910.0 0.5029199927330017 0.34546739459896086
8925.0 0.5059679898262024 0.3596258945989609
8940.0 0.5090159869194031 0.3766161054010391
8955.0 0.5120639840126038 0.39643799999999996
8970.0 0.5151120174407959 0.4190916054010391
8985.0 0.5151120174407959 0.4190916054010391
9000.0 0.5151120174407959 0.4190916054010391
9015.0 0.5151120174407959 0.4190916054010391
9030.0 0.5120639840126038 0.39643799999999996
9045.0 0.5120639840126038 0.39643799999999996
9060.0 0.5090159869194031 0.3766161054010391
9075.0 0.5090159869194031 0.3766161054010391
9090.0 0.5059679898262024 0.3596258945989609
9105.0 0.5029199927330017 0.34546739459896086
9120.0 0.5029199927330017 0.34546739459896086
9135.0 0.49987199563980106 0.3284772108020782
9150.0 0.49377600145339967 0.3001602108020782
9165.0 0.490728004360199 0.28600171080207826
9180.0 0.48768000726699834 0.2735422156791687
9195.0 0.48768000726699834 0.2735422156791687
9210.0 0.48463201017379764 0.2607995710802078
9225.0 0.48463201017379764 0.2607995710802078
9240.0 0.48463201017379764 0.2607995710802078
9255.0 0.48463201017379764 0.2607995710802078
9270.0 0.48463201017379764 0.2607995710802078
9285.0 0.48463201017379764 0.2607995710802078
9300.0 0.48463201017379764 0.2607995710802078
9315.0 0.48463201017379764 0.2607995710802078
9330.0 0.48463201017379764 0.2607995710802078
9345.0 0.48463201017379764 0.2607995710802078
9360.0 0.48463201017379764 0.2607995710802078
9375.0 0.48463201017379764 0.2607995710802078
9390.0 0.48463201017379764 0.2607995710802078
9405.0 0.48768000726699834 0.2735422156791687
9420.0 0.48768000726699834 0.2735422156791687
9435.0 0.48768000726699834 0.2735422156791687
9450.0 0.48768000726699834 0.2735422156791687
9465.0 0.490728004360199 0.28600171080207826
9480.0 0.49377600145339967 0.3001602108020782
9495.0 0.490728004360199 0.28600171080207826
9510.0 0.49377600145339967 0.3001602108020782
9525.0 0.49377600145339967 0.3001602108020782
9540.0 0.49682399854660036 0.31431871080207824
9555.0 0.49682399854660036 0.31431871080207824
9570.0 0.49682399854660036 0.31431871080207824
9585.0 0.49987199563980106 0.3284772108020782
9600.0 0.5029199927330017 0.34546739459896086
9615.0 0.5029199927330017 0.34546739459896086
9630.0 0.5029199927330017 0.34546739459896086
9645.0 0.5029199927330017 0.34546739459896086
9660.0 0.5059679898262024 0.3596258945989609
9675.0 0.5059679898262024 0.3596258945989609
9690.0 0.5059679898262024 0.3596258945989609
9705.0 0.5059679898262024 0.3596258945989609
9720.0 0.5059679898262024 0.3596258945989609
9735.0 0.5059679898262024 0.3596258945989609
9750.0 0.5059679898262024 0.3596258945989609
9765.0 0.5059679898262024 0.3596258945989609
9780.0 0.5059679898262024 0.3596258945989609
9795.0 0.5059679898262024 0.3596258945989609
9810.0 0.5059679898262024 0.3596258945989609
9825.0 0.5059679898262024 0.3596258945989609
9840.0 0.5059679898262024 0.3596258945989609
9855.0 0.5059679898262024 0.3596258945989609
9870.0 0.5059679898262024 0.3596258945989609
9885.0 0.5059679898262024 0.3596258945989609
9900.0 0.5059679898262024 0.3596258945989609
9915.0 0.5059679898262024 0.3596258945989609
9930.0 0.5059679898262024 0.3596258945989609
9945.0 0.5059679898262024 0.3596258945989609
9960.0 0.5059679898262024 0.3596258945989609
9975.0 0.5090159869194031 0.3766161054010391
9990.0 0.5090159869194031 0.3766161054010391
10005.0 0.5120639840126038 0.39643799999999996
10020.0 0.5090159869194031 0.3766161054010391
10035.0 0.5090159869194031 0.3766161054010391
10050.0 0.5059679898262024 0.3596258945989609
10065.0 0.5029199927330017 0.34546739459896086
10080.0 0.49987199563980106 0.3284772108020782
10095.0 0.5029199927330017 0.34546739459896086
10110.0 0.5059679898262024 0.3596258945989609
10125.0 0.5120639840126038 0.39643799999999996
10140.0 0.5120639840126038 0.39643799999999996
10155.0 0.5181600145339966 0.43891349999999996
10170.0 0.524256008720398 0.48422071080207824
10185.0 0.524256008720398 0.48422071080207824
10200.0 0.5273040058135987 0.509706
10215.0 0.5303520029067993 0.5323595783958435
10230.0 0.5303520029067993 0.5323595783958435
10245.0 0.5334 0.5578449216041564
10260.0 0.5273040058135987 0.509706
10275.0 0.5273040058135987 0.509706
10290.0 0.524256008720398 0.48422071080207824
10305.0 0.5212080116271973 0.4615670783958435
10320.0 0.524256008720398 0.48422071080207824
10335.0 0.524256008720398 0.48422071080207824
10350.0 0.5273040058135987 0.509706
10365.0 0.5303520029067993 0.5323595783958435
10380.0 0.5334 0.5578449216041564
10395.0 0.5303520029067993 0.5323595783958435
10410.0 0.5303520029067993 0.5323595783958435
10425.0 0.5303520029067993 0.5323595783958435
10440.0 0.5273040058135987 0.509706
10455.0 0.5273040058135987 0.509706
10470.0 0.524256008720398 0.48422071080207824
10485.0 0.5212080116271973 0.4615670783958435
10500.0 0.5212080116271973 0.4615670783958435
10515.0 0.5181600145339966 0.43891349999999996
10530.0 0.5151120174407959 0.4190916054010391
10545.0 0.5120639840126038 0.39643799999999996
10560.0 0.5090159869194031 0.3766161054010391
10575.0 0.5059679898262024 0.3596258945989609
10590.0 0.5029199927330017 0.34546739459896086
10605.0 0.49987199563980106 0.3284772108020782
10620.0 0.49682399854660036 0.31431871080207824
10635.0 0.49682399854660036 0.31431871080207824
10650.0 0.49682399854660036 0.31431871080207824
10665.0 0.49682399854660036 0.31431871080207824
10680.0 0.49987199563980106 0.3284772108020782
10695.0 0.49987199563980106 0.3284772108020782
10710.0 0.49987199563980106 0.3284772108020782
10725.0 0.49987199563980106 0.3284772108020782
10740.0 0.49987199563980106 0.3284772108020782
10755.0 0.49987199563980106 0.3284772108020782
10770.0 0.49682399854660036 0.31431871080207824
10785.0 0.49682399854660036 0.31431871080207824
10800.0 0.49682399854660036 0.31431871080207824
10815.0 0.49377600145339967 0.3001602108020782
10830.0 0.49377600145339967 0.3001602108020782
10845.0 0.490728004360199 0.28600171080207826
10860.0 0.490728004360199 0.28600171080207826
10875.0 0.490728004360199 0.28600171080207826
10890.0 0.48768000726699834 0.2735422156791687
10905.0 0.48768000726699834 0.2735422156791687
10920.0 0.48768000726699834 0.2735422156791687
10935.0 0.48463201017379764 0.2607995710802078
10950.0 0.48463201017379764 0.2607995710802078
10965.0 0.48463201017379764 0.2607995710802078
10980.0 0.48158401308059695 0.24805692648124694
10995.0 0.48463201017379764 0.2607995710802078
11010.0 0.48158401308059695 0.24805692648124694
11025.0 0.48158401308059695 0.24805692648124694
11040.0 0.47853601598739626 0.23588060783958434
11055.0 0.47853601598739626 0.23588060783958434
11070.0 0.47853601598739626 0.23588060783958434
11085.0 0.47853601598739626 0.23588060783958434
11100.0 0.47853601598739626 0.23588060783958434
11115.0 0.48158401308059695 0.24805692648124694
11130.0 0.48463201017379764 0.2607995710802078
11145.0 0.48768000726699834 0.2735422156791687
11160.0 0.49377600145339967 0.3001602108020782
11175.0 0.49377600145339967 0.3001602108020782
11190.0 0.49987199563980106 0.3284772108020782
11205.0 0.49987199563980106 0.3284772108020782
11220.0 0.49987199563980106 0.3284772108020782
11235.0 0.5029199927330017 0.34546739459896086
11250.0 0.5029199927330017 0.34546739459896086
11265.0 0.5059679898262024 0.3596258945989609
11280.0 0.5059679898262024 0.3596258945989609
11295.0 0.5059679898262024 0.3596258945989609
11310.0 0.5059679898262024 0.3596258945989609
11325.0 0.5090159869194031 0.3766161054010391
11340.0 0.5090159869194031 0.3766161054010391
11355.0 0.5120639840126038 0.39643799999999996
11370.0 0.5120639840126038 0.39643799999999996
11385.0 0.5151120174407959 0.4190916054010391
11400.0 0.5181600145339966 0.43891349999999996
11415.0 0.5212080116271973 0.4615670783958435
11430.0 0.557784013080597 0.7900442891979217
11445.0 0.6736080116271973 2.752412313583374
11460.0 0.743712017440796 4.049331
11475.0 0.7741919883728028 4.502403
11490.0 0.7711439912796021 4.474086
11505.0 0.7863839767456056 4.672305
11520.0 0.7467600145339967 4.105964999999999
11535.0 0.7315200290679932 3.8227949999999997
11550.0 0.7132319738388062 3.454674
11565.0 0.7071359796524048 3.3414059999999997
11580.0 0.6827520029067994 2.916651
11595.0 0.6644640203475952 2.5966688135833738
11610.0 0.6522720319747926 2.353142656791687
11625.0 0.6431279680252076 2.1690821567916867
11640.0 0.6309359796524048 1.936882843208313
11655.0 0.6217919883728028 1.7698125
11670.0 0.6065520029067993 1.5064644216041565
11685.0 0.5974080116271973 1.3507209216041565
11700.0 0.5882639840126038 1.206304156791687
11715.0 0.5821679898262024 1.1128580783958435
11730.0 0.5730239985466004 0.9854315783958435
11745.0 0.566928004360199 0.9033122891979217
11760.0 0.5638800072669983 0.8636685
11775.0 0.557784013080597 0.7900442891979217
11790.0 0.5547360159873963 0.7560639216041565
11805.0 0.557784013080597 0.7900442891979217
11820.0 0.5516879825592041 0.7192517891979218
11835.0 0.5516879825592041 0.7192517891979218
11850.0 0.5486399854660035 0.6852714216041564
11865.0 0.5516879825592041 0.7192517891979218
11880.0 0.5486399854660035 0.6852714216041564
11895.0 0.5455919883728028 0.6597860783958435
11910.0 0.5394959941864014 0.6059837891979217
11925.0 0.5394959941864014 0.6059837891979217
11940.0 0.5334 0.5578449216041564
11955.0 0.5303520029067993 0.5323595783958435
11970.0 0.5303520029067993 0.5323595783958435
11985.0 0.524256008720398 0.48422071080207824
12000.0 0.524256008720398 0.48422071080207824
12015.0 0.5212080116271973 0.4615670783958435
12030.0 0.5120639840126038 0.39643799999999996
12045.0 0.5151120174407959 0.4190916054010391
12060.0 0.5120639840126038 0.39643799999999996
12075.0 0.5029199927330017 0.34546739459896086
12090.0 0.5029199927330017 0.34546739459896086
12105.0 0.5029199927330017 0.34546739459896086
12120.0 0.49987199563980106 0.3284772108020782
12135.0 0.5029199927330017 0.34546739459896086
12150.0 0.5029199927330017 0.34546739459896086
12165.0 0.5029199927330017 0.34546739459896086
12180.0 0.5029199927330017 0.34546739459896086
12195.0 0.49987199563980106 0.3284772108020782
12210.0 0.49987199563980106 0.3284772108020782
12225.0 0.5029199927330017 0.34546739459896086
12240.0 0.49682399854660036 0.31431871080207824
12255.0 0.49682399854660036 0.31431871080207824
12270.0 0.5059679898262024 0.3596258945989609
12285.0 0.5273040058135987 0.509706
12300.0 0.5608320101737977 0.8268564216041564
12315.0 0.5852159869194031 1.158165343208313
12330.0 0.600456008720398 1.4016914999999999
12345.0 0.6096 1.5630984216041564
12360.0 0.6096 1.5630984216041564
12375.0 0.6096 1.5630984216041564
12390.0 0.6096 1.5630984216041564
12405.0 0.6065520029067993 1.5064644216041565
12420.0 0.600456008720398 1.4016914999999999
12435.0 0.6035040058135986 1.4526620783958435
12450.0 0.5974080116271973 1.3507209216041565
12465.0 0.591312017440796 1.2516114216041565
12480.0 0.5974080116271973 1.3507209216041565
12495.0 0.5882639840126038 1.206304156791687
12510.0 0.5852159869194031 1.158165343208313
12525.0 0.5821679898262024 1.1128580783958435
12540.0 0.5791199927330017 1.0703825783958434
12555.0 0.5852159869194031 1.158165343208313
12570.0 0.576071995639801 1.0250754216041564
12585.0 0.576071995639801 1.0250754216041564
12600.0 0.5699760014533997 0.9429560783958435
12615.0 0.5730239985466004 0.9854315783958435
12630.0 0.566928004360199 0.9033122891979217
12645.0 0.566928004360199 0.9033122891979217
12660.0 0.5638800072669983 0.8636685
12675.0 0.5638800072669983 0.8636685
12690.0 0.5638800072669983 0.8636685
12705.0 0.5608320101737977 0.8268564216041564
12720.0 0.557784013080597 0.7900442891979217
12735.0 0.557784013080597 0.7900442891979217
12750.0 0.557784013080597 0.7900442891979217
12765.0 0.5547360159873963 0.7560639216041565
12780.0 0.557784013080597 0.7900442891979217
12795.0 0.5516879825592041 0.7192517891979218
12810.0 0.5486399854660035 0.6852714216041564
12825.0 0.5516879825592041 0.7192517891979218
12840.0 0.5486399854660035 0.6852714216041564
12855.0 0.5425439912796021 0.6343007891979218
12870.0 0.5425439912796021 0.6343007891979218
12885.0 0.5394959941864014 0.6059837891979217
12900.0 0.5394959941864014 0.6059837891979217
12915.0 0.5273040058135987 0.509706
12930.0 0.524256008720398 0.48422071080207824
12945.0 0.524256008720398 0.48422071080207824
12960.0 0.5212080116271973 0.4615670783958435
12975.0 0.5212080116271973 0.4615670783958435
12990.0 0.5212080116271973 0.4615670783958435
13005.0 0.524256008720398 0.48422071080207824
13020.0 0.5334 0.5578449216041564
13035.0 0.5364479970932007 0.5833302108020783
13050.0 0.5303520029067993 0.5323595783958435
13065.0 0.5303520029067993 0.5323595783958435
13080.0 0.5303520029067993 0.5323595783958435
13095.0 0.5334 0.5578449216041564
13110.0 0.5273040058135987 0.509706
13125.0 0.5273040058135987 0.509706
13140.0 0.5303520029067993 0.5323595783958435
13155.0 0.5212080116271973 0.4615670783958435
13170.0 0.5151120174407959 0.4190916054010391
13185.0 0.5151120174407959 0.4190916054010391
13200.0 0.5120639840126038 0.39643799999999996
13215.0 0.5151120174407959 0.4190916054010391
13230.0 0.5181600145339966 0.43891349999999996
13245.0 0.5212080116271973 0.4615670783958435
13260.0 0.524256008720398 0.48422071080207824
13275.0 0.5273040058135987 0.509706
13290.0 0.524256008720398 0.48422071080207824
13305.0 0.524256008720398 0.48422071080207824
13320.0 0.5303520029067993 0.5323595783958435
13335.0 0.524256008720398 0.48422071080207824
13350.0 0.5212080116271973 0.4615670783958435
13365.0 0.5273040058135987 0.509706
13380.0 0.5181600145339966 0.43891349999999996
13395.0 0.5151120174407959 0.4190916054010391
13410.0 0.5151120174407959 0.4190916054010391
13425.0 0.5120639840126038 0.39643799999999996
13440.0 0.5090159869194031 0.3766161054010391
13455.0 0.5029199927330017 0.34546739459896086
13470.0 0.49987199563980106 0.3284772108020782
13485.0 0.49682399854660036 0.31431871080207824
13500.0 0.49377600145339967 0.3001602108020782
13515.0 0.48768000726699834 0.2735422156791687
13530.0 0.48768000726699834 0.2735422156791687
13545.0 0.48463201017379764 0.2607995710802078
13560.0 0.48768000726699834 0.2735422156791687
13575.0 0.48768000726699834 0.2735422156791687
13590.0 0.48768000726699834 0.2735422156791687
13605.0 0.48768000726699834 0.2735422156791687
13620.0 0.48768000726699834 0.2735422156791687
13635.0 0.48463201017379764 0.2607995710802078
13650.0 0.48768000726699834 0.2735422156791687
13665.0 0.48463201017379764 0.2607995710802078
13680.0 0.48158401308059695 0.24805692648124694
13695.0 0.48158401308059695 0.24805692648124694
13710.0 0.47853601598739626 0.23588060783958434
13725.0 0.4754879825592041 0.2239874656791687
13740.0 0.4754879825592041 0.2239874656791687
13755.0 0.4754879825592041 0.2239874656791687
13770.0 0.47243998546600346 0.2123775
13785.0 0.47243998546600346 0.2123775
13800.0 0.47243998546600346 0.2123775
13815.0 0.47243998546600346 0.2123775
13830.0 0.47243998546600346 0.2123775
13845.0 0.47243998546600346 0.2123775
13860.0 0.4754879825592041 0.2239874656791687
13875.0 0.48158401308059695 0.24805692648124694
13890.0 0.48768000726699834 0.2735422156791687
13905.0 0.49377600145339967 0.3001602108020782
13920.0 0.49987199563980106 0.3284772108020782
13935.0 0.49987199563980106 0.3284772108020782
13950.0 0.5059679898262024 0.3596258945989609
13965.0 0.5029199927330017 0.34546739459896086
13980.0 0.5029199927330017 0.34546739459896086
13995.0 0.5029199927330017 0.34546739459896086
14010.0 0.49987199563980106 0.3284772108020782
14025.0 0.49682399854660036 0.31431871080207824
14040.0 0.49682399854660036 0.31431871080207824
14055.0 0.49682399854660036 0.31431871080207824
14070.0 0.49987199563980106 0.3284772108020782
14085.0 0.49987199563980106 0.3284772108020782
14100.0 0.5029199927330017 0.34546739459896086
14115.0 0.5059679898262024 0.3596258945989609
14130.0 0.5059679898262024 0.3596258945989609
14145.0 0.5059679898262024 0.3596258945989609
14160.0 0.5090159869194031 0.3766161054010391
14175.0 0.5090159869194031 0.3766161054010391
14190.0 0.5059679898262024 0.3596258945989609
14205.0 0.5059679898262024 0.3596258945989609
14220.0 0.5059679898262024 0.3596258945989609
14235.0 0.5059679898262024 0.3596258945989609
14250.0 0.5029199927330017 0.34546739459896086
14265.0 0.49987199563980106 0.3284772108020782
14280.0 0.49987199563980106 0.3284772108020782
14295.0 0.49682399854660036 0.31431871080207824
14310.0 0.49682399854660036 0.31431871080207824
14325.0 0.49987199563980106 0.3284772108020782
14340.0 0.49987199563980106 0.3284772108020782
14355.0 0.5029199927330017 0.34546739459896086
14370.0 0.5029199927330017 0.34546739459896086
14385.0 0.5029199927330017 0.34546739459896086
14400.0 0.5059679898262024 0.3596258945989609
14415.0 0.5029199927330017 0.34546739459896086
14430.0 0.5029199927330017 0.34546739459896086
14445.0 0.5029199927330017 0.34546739459896086
14460.0 0.5059679898262024 0.3596258945989609
14475.0 0.5029199927330017 0.34546739459896086
14490.0 0.5029199927330017 0.34546739459896086
14505.0 0.5029199927330017 0.34546739459896086
14520.0 0.5059679898262024 0.3596258945989609
14535.0 0.5059679898262024 0.3596258945989609
14550.0 0.5059679898262024 0.3596258945989609
14565.0 0.5090159869194031 0.3766161054010391
14580.0 0.5059679898262024 0.3596258945989609
14595.0 0.5059679898262024 0.3596258945989609
14610.0 0.5059679898262024 0.3596258945989609
14625.0 0.5029199927330017 0.34546739459896086
14640.0 0.5029199927330017 0.34546739459896086
14655.0 0.5029199927330017 0.34546739459896086
14670.0 0.5364479970932007 0.5833302108020783
14685.0 0.6614160232543945 2.5456983432083127
14700.0 0.7406640203475953 3.9926969999999997
14715.0 0.7772399854660035 4.559037
14730.0 0.8046720319747925 4.898841
14745.0 0.8442959941864014 5.4085469999999995
14760.0 0.8534399854660034 5.521814999999999
14775.0 0.8595359796524048 5.578449
14790.0 0.8625839767456055 5.6067659999999995
14805.0 0.8656319738388062 5.635083
14820.0 0.8564879825592041 5.550132
14835.0 0.8717279680252076 5.720034
14850.0 0.8503919883728028 5.493498
14865.0 0.8229600145339966 5.153694
14880.0 0.8107680261611939 4.983791999999999
14895.0 0.7894319738388061 4.700622
14910.0 0.7741919883728028 4.502403
14925.0 0.7589520029067993 4.304183999999999
14940.0 0.7406640203475953 3.9926969999999997
14955.0 0.7284720319747925 3.766161
14970.0 0.7132319738388062 3.454674
14985.0 0.6979919883728027 3.199821
15000.0 0.6888479970932008 3.029919
15015.0 0.676656008720398 2.806214656791687
15030.0 0.6675120174407959 2.6476395
15045.0 0.6583680261611938 2.4805691567916868
15060.0 0.6492240348815919 2.290845343208313
15075.0 0.6400799709320069 2.1096165
15090.0 0.6309359796524048 1.936882843208313
15105.0 0.6248399854660035 1.8236148432083128
15120.0 0.6156959941864014 1.6650395783958434
15135.0 0.6096 1.5630984216041564
15150.0 0.6035040058135986 1.4526620783958435
15165.0 0.5943600145339966 1.302582
15180.0 0.591312017440796 1.2516114216041565
15195.0 0.5882639840126038 1.206304156791687
15210.0 0.5821679898262024 1.1128580783958435
15225.0 0.5791199927330017 1.0703825783958434
15240.0 0.576071995639801 1.0250754216041564
15255.0 0.576071995639801 1.0250754216041564
15270.0 0.5730239985466004 0.9854315783958435
15285.0 0.566928004360199 0.9033122891979217
15300.0 0.5638800072669983 0.8636685
15315.0 0.557784013080597 0.7900442891979217
15330.0 0.5516879825592041 0.7192517891979218
15345.0 0.5486399854660035 0.6852714216041564
15360.0 0.5455919883728028 0.6597860783958435
15375.0 0.5455919883728028 0.6597860783958435
15390.0 0.5455919883728028 0.6597860783958435
15405.0 0.5486399854660035 0.6852714216041564
15420.0 0.5486399854660035 0.6852714216041564
15435.0 0.5486399854660035 0.6852714216041564
15450.0 0.5516879825592041 0.7192517891979218
15465.0 0.5486399854660035 0.6852714216041564
15480.0 0.5486399854660035 0.6852714216041564
15495.0 0.5486399854660035 0.6852714216041564
15510.0 0.5455919883728028 0.6597860783958435
15525.0 0.5425439912796021 0.6343007891979218
15540.0 0.5394959941864014 0.6059837891979217
15555.0 0.5303520029067993 0.5323595783958435
15570.0 0.524256008720398 0.48422071080207824
15585.0 0.5212080116271973 0.4615670783958435
15600.0 0.5212080116271973 0.4615670783958435
15615.0 0.5212080116271973 0.4615670783958435
15630.0 0.524256008720398 0.48422071080207824
15645.0 0.5273040058135987 0.509706
15660.0 0.5303520029067993 0.5323595783958435
15675.0 0.5303520029067993 0.5323595783958435
15690.0 0.5334 0.5578449216041564
15705.0 0.5334 0.5578449216041564
15720.0 0.5364479970932007 0.5833302108020783
15735.0 0.5364479970932007 0.5833302108020783
15750.0 0.5334 0.5578449216041564
15765.0 0.5334 0.5578449216041564
15780.0 0.5303520029067993 0.5323595783958435
15795.0 0.5303520029067993 0.5323595783958435
15810.0 0.5303520029067993 0.5323595783958435
15825.0 0.5303520029067993 0.5323595783958435
15840.0 0.5273040058135987 0.509706
15855.0 0.5273040058135987 0.509706
15870.0 0.5273040058135987 0.509706
15885.0 0.5273040058135987 0.509706
15900.0 0.5303520029067993 0.5323595783958435
15915.0 0.5273040058135987 0.509706
15930.0 0.5303520029067993 0.5323595783958435
15945.0 0.5303520029067993 0.5323595783958435
15960.0 0.5303520029067993 0.5323595783958435
15975.0 0.5303520029067993 0.5323595783958435
15990.0 0.5303520029067993 0.5323595783958435
16005.0 0.5303520029067993 0.5323595783958435
16020.0 0.5273040058135987 0.509706
16035.0 0.5273040058135987 0.509706
16050.0 0.5212080116271973 0.4615670783958435
16065.0 0.5212080116271973 0.4615670783958435
16080.0 0.5212080116271973 0.4615670783958435
16095.0 0.5212080116271973 0.4615670783958435
16110.0 0.5273040058135987 0.509706
16125.0 0.5273040058135987 0.509706
16140.0 0.5334 0.5578449216041564
16155.0 0.5334 0.5578449216041564
16170.0 0.5364479970932007 0.5833302108020783
16185.0 0.5364479970932007 0.5833302108020783
16200.0 0.5394959941864014 0.6059837891979217
16215.0 0.5394959941864014 0.6059837891979217
16230.0 0.5394959941864014 0.6059837891979217
16245.0 0.5394959941864014 0.6059837891979217
16260.0 0.5394959941864014 0.6059837891979217
16275.0 0.5394959941864014 0.6059837891979217
16290.0 0.5394959941864014 0.6059837891979217
16305.0 0.5394959941864014 0.6059837891979217
16320.0 0.5364479970932007 0.5833302108020783
16335.0 0.5364479970932007 0.5833302108020783
16350.0 0.5364479970932007 0.5833302108020783
16365.0 0.5334 0.5578449216041564
16380.0 0.5303520029067993 0.5323595783958435
16395.0 0.524256008720398 0.48422071080207824
16410.0 0.5212080116271973 0.4615670783958435
16425.0 0.5181600145339966 0.43891349999999996
16440.0 0.5151120174407959 0.4190916054010391
16455.0 0.5151120174407959 0.4190916054010391
16470.0 0.5212080116271973 0.4615670783958435
16485.0 0.5212080116271973 0.4615670783958435
16500.0 0.524256008720398 0.48422071080207824
16515.0 0.524256008720398 0.48422071080207824
16530.0 0.524256008720398 0.48422071080207824
16545.0 0.524256008720398 0.48422071080207824
16560.0 0.524256008720398 0.48422071080207824
16575.0 0.524256008720398 0.48422071080207824
16590.0 0.5212080116271973 0.4615670783958435
16605.0 0.5212080116271973 0.4615670783958435
16620.0 0.5181600145339966 0.43891349999999996
16635.0 0.5151120174407959 0.4190916054010391
16650.0 0.5151120174407959 0.4190916054010391
16665.0 0.5151120174407959 0.4190916054010391
16680.0 0.5120639840126038 0.39643799999999996
16695.0 0.5120639840126038 0.39643799999999996
16710.0 0.5120639840126038 0.39643799999999996
16725.0 0.5120639840126038 0.39643799999999996
16740.0 0.5090159869194031 0.3766161054010391
16755.0 0.5059679898262024 0.3596258945989609
16770.0 0.5029199927330017 0.34546739459896086
16785.0 0.49682399854660036 0.31431871080207824
16800.0 0.490728004360199 0.28600171080207826
16815.0 0.48463201017379764 0.2607995710802078
16830.0 0.47853601598739626 0.23588060783958434
16845.0 0.4754879825592041 0.2239874656791687
16860.0 0.46939198837280277 0.20105069729948044
16875.0 0.4663439912796021 0.18972389459896086
16890.0 0.4632959941864014 0.17924660783958435
16905.0 0.4602479970932007 0.1687693210802078
16920.0 0.45720000000000005 0.15857519729948044
16935.0 0.45720000000000005 0.15857519729948044
16950.0 0.45415200290679936 0.14894742648124695
16965.0 0.45415200290679936 0.14894742648124695
16980.0 0.45415200290679936 0.14894742648124695
16995.0 0.45415200290679936 0.14894742648124695
17010.0 0.45720000000000005 0.15857519729948044
17025.0 0.45720000000000005 0.15857519729948044
17040.0 0.4632959941864014 0.17924660783958435
17055.0 0.47243998546600346 0.2123775
17070.0 0.48768000726699834 0.2735422156791687
17085.0 0.5059679898262024 0.3596258945989609
17100.0 0.524256008720398 0.48422071080207824
17115.0 0.5364479970932007 0.5833302108020783
17130.0 0.5425439912796021 0.6343007891979218
17145.0 0.5455919883728028 0.6597860783958435
17160.0 0.5455919883728028 0.6597860783958435
17175.0 0.5425439912796021 0.6343007891979218
17190.0 0.5425439912796021 0.6343007891979218
17205.0 0.5394959941864014 0.6059837891979217
17220.0 0.5425439912796021 0.6343007891979218
17235.0 0.5455919883728028 0.6597860783958435
17250.0 0.5486399854660035 0.6852714216041564
17265.0 0.5516879825592041 0.7192517891979218
17280.0 0.5547360159873963 0.7560639216041565
17295.0 0.5547360159873963 0.7560639216041565
17310.0 0.5516879825592041 0.7192517891979218
17325.0 0.5516879825592041 0.7192517891979218
17340.0 0.5516879825592041 0.7192517891979218
17355.0 0.5486399854660035 0.6852714216041564
17370.0 0.5486399854660035 0.6852714216041564
17385.0 0.5455919883728028 0.6597860783958435
17400.0 0.5455919883728028 0.6597860783958435
17415.0 0.5425439912796021 0.6343007891979218
17430.0 0.5425439912796021 0.6343007891979218
17445.0 0.5425439912796021 0.6343007891979218
17460.0 0.5425439912796021 0.6343007891979218
17475.0 0.5425439912796021 0.6343007891979218
17490.0 0.5425439912796021 0.6343007891979218
17505.0 0.5394959941864014 0.6059837891979217
17520.0 0.5364479970932007 0.5833302108020783
17535.0 0.5334 0.5578449216041564
17550.0 0.5303520029067993 0.5323595783958435
17565.0 0.5273040058135987 0.509706
17580.0 0.5273040058135987 0.509706
17595.0 0.5273040058135987 0.509706
17610.0 0.5303520029067993 0.5323595783958435
17625.0 0.5303520029067993 0.5323595783958435
17640.0 0.5303520029067993 0.5323595783958435
17655.0 0.5303520029067993 0.5323595783958435
17670.0 0.5303520029067993 0.5323595783958435
17685.0 0.5273040058135987 0.509706
17700.0 0.524256008720398 0.48422071080207824
17715.0 0.524256008720398 0.48422071080207824
17730.0 0.5181600145339966 0.43891349999999996
17745.0 0.5181600145339966 0.43891349999999996
17760.0 0.5120639840126038 0.39643799999999996
17775.0 0.5120639840126038 0.39643799999999996
17790.0 0.5090159869194031 0.3766161054010391
17805.0 0.5059679898262024 0.3596258945989609
17820.0 0.5029199927330017 0.34546739459896086
17835.0 0.49987199563980106 0.3284772108020782
17850.0 0.49987199563980106 0.3284772108020782
17865.0 0.49682399854660036 0.31431871080207824
17880.0 0.49682399854660036 0.31431871080207824
17895.0 0.49377600145339967 0.3001602108020782
17910.0 0.490728004360199 0.28600171080207826
17925.0 0.48768000726699834 0.2735422156791687
17940.0 0.48463201017379764 0.2607995710802078
17955.0 0.48158401308059695 0.24805692648124694
17970.0 0.47853601598739626 0.23588060783958434
17985.0 0.47853601598739626 0.23588060783958434
18000.0 0.48158401308059695 0.24805692648124694
18015.0 0.48158401308059695 0.24805692648124694
18030.0 0.48158401308059695 0.24805692648124694
18045.0 0.48158401308059695 0.24805692648124694
18060.0 0.48158401308059695 0.24805692648124694
18075.0 0.48158401308059695 0.24805692648124694
18090.0 0.48158401308059695 0.24805692648124694
18105.0 0.48158401308059695 0.24805692648124694
18120.0 0.48158401308059695 0.24805692648124694
18135.0 0.48158401308059695 0.24805692648124694
18150.0 0.48158401308059695 0.24805692648124694
18165.0 0.48463201017379764 0.2607995710802078
18180.0 0.48463201017379764 0.2607995710802078
18195.0 0.48768000726699834 0.2735422156791687
18210.0 0.490728004360199 0.28600171080207826
18225.0 0.49377600145339967 0.3001602108020782
18240.0 0.49682399854660036 0.31431871080207824
18255.0 0.49682399854660036 0.31431871080207824
18270.0 0.49682399854660036 0.31431871080207824
18285.0 0.49377600145339967 0.3001602108020782
18300.0 0.49377600145339967 0.3001602108020782
18315.0 0.49377600145339967 0.3001602108020782
18330.0 0.49682399854660036 0.31431871080207824
18345.0 0.5029199927330017 0.34546739459896086
18360.0 0.5059679898262024 0.3596258945989609
18375.0 0.5120639840126038 0.39643799999999996
18390.0 0.5151120174407959 0.4190916054010391
18405.0 0.5181600145339966 0.43891349999999996
18420.0 0.5212080116271973 0.4615670783958435
18435.0 0.5212080116271973 0.4615670783958435
18450.0 0.5212080116271973 0.4615670783958435
18465.0 0.5212080116271973 0.4615670783958435
18480.0 0.5212080116271973 0.4615670783958435
18495.0 0.5212080116271973 0.4615670783958435
18510.0 0.5212080116271973 0.4615670783958435
18525.0 0.5212080116271973 0.4615670783958435
18540.0 0.5181600145339966 0.43891349999999996
18555.0 0.5212080116271973 0.4615670783958435
18570.0 0.5212080116271973 0.4615670783958435
18585.0 0.5212080116271973 0.4615670783958435
18600.0 0.5212080116271973 0.4615670783958435
18615.0 0.5181600145339966 0.43891349999999996
18630.0 0.5151120174407959 0.4190916054010391
18645.0 0.5151120174407959 0.4190916054010391
18660.0 0.5120639840126038 0.39643799999999996
18675.0 0.5120639840126038 0.39643799999999996
18690.0 0.5151120174407959 0.4190916054010391
18705.0 0.5212080116271973 0.4615670783958435
18720.0 0.524256008720398 0.48422071080207824
18735.0 0.5273040058135987 0.509706
18750.0 0.5273040058135987 0.509706
18765.0 0.5303520029067993 0.5323595783958435
18780.0 0.5303520029067993 0.5323595783958435
18795.0 0.5303520029067993 0.5323595783958435
18810.0 0.5303520029067993 0.5323595783958435
18825.0 0.5303520029067993 0.5323595783958435
18840.0 0.5273040058135987 0.509706
18855.0 0.5273040058135987 0.509706
18870.0 0.524256008720398 0.48422071080207824
18885.0 0.524256008720398 0.48422071080207824
18900.0 0.524256008720398 0.48422071080207824
18915.0 0.524256008720398 0.48422071080207824
18930.0 0.524256008720398 0.48422071080207824
18945.0 0.5212080116271973 0.4615670783958435
18960.0 0.5181600145339966 0.43891349999999996
18975.0 0.5181600145339966 0.43891349999999996
18990.0 0.5151120174407959 0.4190916054010391
19005.0 0.5120639840126038 0.39643799999999996
19020.0 0.5120639840126038 0.39643799999999996
19035.0 0.5120639840126038 0.39643799999999996
19050.0 0.5181600145339966 0.43891349999999996
19065.0 0.5181600145339966 0.43891349999999996
19080.0 0.524256008720398 0.48422071080207824
19095.0 0.524256008720398 0.48422071080207824
19110.0 0.5273040058135987 0.509706
19125.0 0.524256008720398 0.48422071080207824
19140.0 0.524256008720398 0.48422071080207824
19155.0 0.524256008720398 0.48422071080207824
19170.0 0.5212080116271973 0.4615670783958435
19185.0 0.5181600145339966 0.43891349999999996
19200.0 0.5181600145339966 0.43891349999999996
19215.0 0.5181600145339966 0.43891349999999996
19230.0 0.5181600145339966 0.43891349999999996
19245.0 0.5120639840126038 0.39643799999999996
19260.0 0.5120639840126038 0.39643799999999996
19275.0 0.5090159869194031 0.3766161054010391
19290.0 0.5059679898262024 0.3596258945989609
19305.0 0.5059679898262024 0.3596258945989609
19320.0 0.5029199927330017 0.34546739459896086
19335.0 0.5029199927330017 0.34546739459896086
19350.0 0.49987199563980106 0.3284772108020782
19365.0 0.49682399854660036 0.31431871080207824
19380.0 0.49377600145339967 0.3001602108020782
19395.0 0.490728004360199 0.28600171080207826
19410.0 0.48768000726699834 0.2735422156791687
19425.0 0.48768000726699834 0.2735422156791687
19440.0 0.490728004360199 0.28600171080207826
19455.0 0.49377600145339967 0.3001602108020782
19470.0 0.5059679898262024 0.3596258945989609
19485.0 0.5394959941864014 0.6059837891979217
19500.0 0.5699760014533997 0.9429560783958435
19515.0 0.5882639840126038 1.206304156791687
19530.0 0.5943600145339966 1.302582
19545.0 0.5974080116271973 1.3507209216041565
19560.0 0.600456008720398 1.4016914999999999
19575.0 0.5974080116271973 1.3507209216041565
19590.0 0.5974080116271973 1.3507209216041565
19605.0 0.5943600145339966 1.302582
19620.0 0.591312017440796 1.2516114216041565
19635.0 0.591312017440796 1.2516114216041565
19650.0 0.5882639840126038 1.206304156791687
19665.0 0.5852159869194031 1.158165343208313
19680.0 0.5821679898262024 1.1128580783958435
19695.0 0.576071995639801 1.0250754216041564
19710.0 0.5730239985466004 0.9854315783958435
19725.0 0.5730239985466004 0.9854315783958435
19740.0 0.5730239985466004 0.9854315783958435
19755.0 0.576071995639801 1.0250754216041564
19770.0 0.576071995639801 1.0250754216041564
19785.0 0.5791199927330017 1.0703825783958434
19800.0 0.5791199927330017 1.0703825783958434
19815.0 0.5791199927330017 1.0703825783958434
19830.0 0.5791199927330017 1.0703825783958434
19845.0 0.5791199927330017 1.0703825783958434
19860.0 0.5791199927330017 1.0703825783958434
19875.0 0.5791199927330017 1.0703825783958434
19890.0 0.5791199927330017 1.0703825783958434
19905.0 0.5791199927330017 1.0703825783958434
19920.0 0.576071995639801 1.0250754216041564
19935.0 0.576071995639801 1.0250754216041564
19950.0 0.576071995639801 1.0250754216041564
19965.0 0.576071995639801 1.0250754216041564
19980.0 0.5730239985466004 0.9854315783958435
19995.0 0.5730239985466004 0.9854315783958435
20010.0 0.5730239985466004 0.9854315783958435
20025.0 0.5699760014533997 0.9429560783958435
20040.0 0.566928004360199 0.9033122891979217
20055.0 0.5638800072669983 0.8636685
20070.0 0.5638800072669983 0.8636685
20085.0 0.5638800072669983 0.8636685
20100.0 0.5699760014533997 0.9429560783958435
20115.0 0.576071995639801 1.0250754216041564
20130.0 0.5852159869194031 1.158165343208313
20145.0 0.5943600145339966 1.302582
20160.0 0.6035040058135986 1.4526620783958435
20175.0 0.6096 1.5630984216041564
20190.0 0.6187439912796021 1.7188419216041564
20205.0 0.8625839767456055 5.6067659999999995
20220.0 1.2161520029067994 9.91095
20235.0 1.4356080116271974 13.762061999999998
20250.0 1.609344063949585 17.27337
20265.0 1.6733519302368165 18.660902999999998
20280.0 1.6459200290679932 18.066246
20295.0 1.6154400581359865 17.414955
20310.0 1.5575280406951906 16.197324
20325.0 1.4691360523223878 14.413352999999999
20340.0 1.3837919883728027 12.770966999999999
20355.0 1.3106400581359865 11.411750999999999
20370.0 1.2801599418640137 10.930361999999999
20385.0 1.2618719593048096 10.618875
20400.0 1.2466320465087892 10.392339
20415.0 1.2252959941864014 10.052534999999999
20430.0 1.2039600145339966 9.712731
20445.0 1.1765279680252076 9.287975999999999
20460.0 1.143 8.77827
20475.0 1.1033759651184083 8.183613
20490.0 1.0515600145339967 7.617273
20505.0 1.0058399854660034 7.1075669999999995
20520.0 0.9631680261611939 6.682811999999999
20535.0 0.9387839767456055 6.399642
20550.0 0.8961120174407959 5.974887
20565.0 0.8747759651184083 5.7483509999999995
20580.0 0.8534399854660034 5.521814999999999
20595.0 0.8656319738388062 5.635083
20610.0 0.8808720319747926 5.804984999999999
20625.0 0.8900160232543946 5.889936
20640.0 0.9174479970932007 6.201422999999999
20655.0 0.9204959941864014 6.22974
20670.0 0.905256008720398 6.059838
20685.0 0.8900160232543946 5.889936
20700.0 0.8686799709320069 5.663399999999999
20715.0 0.8473439912796021 5.465180999999999
20730.0 0.8229600145339966 5.153694
20745.0 0.8077200290679932 4.955475
20760.0 0.7955279680252075 4.785572999999999
20775.0 0.7802879825592042 4.5873539999999995
20790.0 0.7711439912796021 4.474086
20805.0 0.762 4.360818
20820.0 0.7589520029067993 4.304183999999999
20835.0 0.7741919883728028 4.502403
20850.0 0.8503919883728028 5.493498
20865.0 0.9692640203475953 6.739446
20880.0 1.0942319738388062 8.070345
20895.0 1.1917680261611938 9.514512
20910.0 1.2527280406951904 10.47729
20925.0 1.3136879825592043 11.468385
20940.0 1.3380719593048096 11.921457
20955.0 1.3502639476776124 12.147993
20970.0 1.3289280406951904 11.751555
20985.0 1.2832080116271973 10.958679
21000.0 1.2466320465087892 10.392339
21015.0 1.1948160232543945 9.571145999999999
21030.0 1.1399520029067993 8.749953
21045.0 1.1033759651184083 8.183613
21060.0 1.0424160232543946 7.504004999999999
21075.0 1.0058399854660034 7.1075669999999995
21090.0 0.981456008720398 6.852714
21105.0 0.9509759651184082 6.541226999999999
21120.0 0.8991600145339966 6.003203999999999
21135.0 0.8808720319747926 5.804984999999999
21150.0 0.8564879825592041 5.550132
21165.0 0.8412479970932008 5.38023
21180.0 0.8229600145339966 5.153694
21195.0 0.8107680261611939 4.983791999999999
21210.0 0.8016240348815918 4.870524
21225.0 0.7894319738388061 4.700622
21240.0 0.7772399854660035 4.559037
21255.0 0.7711439912796021 4.474086
21270.0 0.7680959941864014 4.417452
21285.0 0.7650479970932007 4.389135
21300.0 0.7680959941864014 4.417452
21315.0 0.7802879825592042 4.5873539999999995
21330.0 0.7833359796524049 4.615671
21345.0 0.7894319738388061 4.700622
21360.0 0.7955279680252075 4.785572999999999
21375.0 0.8107680261611939 4.983791999999999
21390.0 0.8321040058135987 5.2669619999999995
21405.0 0.8534399854660034 5.521814999999999
21420.0 0.8717279680252076 5.720034
21435.0 0.8839200290679932 5.833302
21450.0 0.8900160232543946 5.889936
21465.0 0.8839200290679932 5.833302
21480.0 0.8747759651184083 5.7483509999999995
21495.0 0.8625839767456055 5.6067659999999995
21510.0 0.8473439912796021 5.465180999999999
21525.0 0.829056008720398 5.238645
21540.0 0.8138160232543946 5.012109
21555.0 0.8046720319747925 4.898841
21570.0 0.7894319738388061 4.700622
21585.0 0.7772399854660035 4.559037
21600.0 0.7680959941864014 4.417452
21615.0 0.752856008720398 4.219233
21630.0 0.743712017440796 4.049331
21645.0 0.7345680261611939 3.8794289999999996
21660.0 0.7284720319747925 3.766161
21675.0 0.7223759651184083 3.624576
21690.0 0.7162799709320069 3.5113079999999997
21705.0 0.7101839767456055 3.39804
21720.0 0.7071359796524048 3.3414059999999997
21735.0 0.7010399854660034 3.228138
21750.0 0.7010399854660034 3.228138
21765.0 0.6979919883728027 3.199821
21780.0 0.6979919883728027 3.199821
21795.0 0.6979919883728027 3.199821
21810.0 0.7010399854660034 3.228138
21825.0 0.7040879825592041 3.284772
21840.0 0.7101839767456055 3.39804
21855.0 0.7132319738388062 3.454674
21870.0 0.7162799709320069 3.5113079999999997
21885.0 0.7162799709320069 3.5113079999999997
21900.0 0.7162799709320069 3.5113079999999997
21915.0 0.7132319738388062 3.454674
21930.0 0.7162799709320069 3.5113079999999997
21945.0 0.7162799709320069 3.5113079999999997
21960.0 0.7132319738388062 3.454674
21975.0 0.7162799709320069 3.5113079999999997
21990.0 0.7254240348815918 3.7095269999999996
22005.0 0.743712017440796 4.049331
22020.0 0.7650479970932007 4.389135
22035.0 0.7863839767456056 4.672305
22050.0 0.8107680261611939 4.983791999999999
22065.0 0.8382000000000001 5.351913
22080.0 0.8625839767456055 5.6067659999999995
22095.0 0.8778240348815919 5.776668
22110.0 0.8808720319747926 5.804984999999999
22125.0 0.8808720319747926 5.804984999999999
22140.0 0.8686799709320069 5.663399999999999
22155.0 0.8686799709320069 5.663399999999999
22170.0 0.8625839767456055 5.6067659999999995
22185.0 0.8656319738388062 5.635083
22200.0 0.8717279680252076 5.720034
22215.0 0.8869680261611939 5.861618999999999
22230.0 0.905256008720398 6.059838
22245.0 0.9265919883728028 6.2863739999999995
22260.0 0.9357359796524048 6.371325
22275.0 0.9387839767456055 6.399642
22290.0 0.9326879825592042 6.343007999999999
22305.0 0.9235439912796021 6.258057
22320.0 0.9083040058135987 6.0881549999999995
22335.0 0.8900160232543946 5.889936
22350.0 0.8747759651184083 5.7483509999999995
22365.0 0.8595359796524048 5.578449
22380.0 0.8534399854660034 5.521814999999999
22395.0 0.8442959941864014 5.4085469999999995
22410.0 0.8321040058135987 5.2669619999999995
22425.0 0.8199120174407959 5.09706
22440.0 0.8107680261611939 4.983791999999999
22455.0 0.8016240348815918 4.870524
22470.0 0.7955279680252075 4.785572999999999
22485.0 0.7894319738388061 4.700622
22500.0 0.7802879825592042 4.5873539999999995
22515.0 0.7802879825592042 4.5873539999999995
22530.0 0.7833359796524049 4.615671
22545.0 0.7924799709320068 4.757256
22560.0 0.8046720319747925 4.898841
22575.0 0.8199120174407959 5.09706
22590.0 0.829056008720398 5.238645
22605.0 0.8321040058135987 5.2669619999999995
22620.0 0.8321040058135987 5.2669619999999995
22635.0 0.829056008720398 5.238645
22650.0 0.8229600145339966 5.153694
22665.0 0.8138160232543946 5.012109
22680.0 0.8046720319747925 4.898841
22695.0 0.7985759651184082 4.81389
22710.0 0.7894319738388061 4.700622
22725.0 0.7833359796524049 4.615671
22740.0 0.7772399854660035 4.559037
22755.0 0.7741919883728028 4.502403
22770.0 0.7680959941864014 4.417452
22785.0 0.7650479970932007 4.389135
22800.0 0.7589520029067993 4.304183999999999
22815.0 0.7559040058135986 4.2475499999999995
22830.0 0.752856008720398 4.219233
22845.0 0.7467600145339967 4.105964999999999
22860.0 0.7406640203475953 3.9926969999999997
22875.0 0.7376160232543946 3.936063
22890.0 0.7315200290679932 3.8227949999999997
22905.0 0.7315200290679932 3.8227949999999997
22920.0 0.7345680261611939 3.8794289999999996
22935.0 0.7406640203475953 3.9926969999999997
22950.0 0.7467600145339967 4.105964999999999
22965.0 0.752856008720398 4.219233
22980.0 0.7650479970932007 4.389135
22995.0 0.7772399854660035 4.559037
23010.0 0.7894319738388061 4.700622
23025.0 0.8016240348815918 4.870524
23040.0 0.8107680261611939 4.983791999999999
23055.0 0.8138160232543946 5.012109
23070.0 0.8199120174407959 5.09706
23085.0 0.8260080116271973 5.182011
23100.0 0.8382000000000001 5.351913
23115.0 0.8503919883728028 5.493498
23130.0 0.8656319738388062 5.635083
23145.0 0.8961120174407959 5.974887
23160.0 0.9326879825592042 6.343007999999999
23175.0 0.981456008720398 6.852714
23190.0 1.0149839767456055 7.220834999999999
23205.0 1.0424160232543946 7.504004999999999
23220.0 1.0698479970932007 7.7871749999999995
23235.0 1.0850879825592041 7.957077
23250.0 1.097279970932007 8.098662
23265.0 1.1247120174407959 8.495099999999999
23280.0 1.182624034881592 9.372926999999999
23295.0 1.2801599418640137 10.930361999999999
23310.0 1.4051280406951905 13.167404999999999
23325.0 1.5179040058135986 15.404447999999999
23340.0 1.6215360523223878 17.528223
23355.0 1.658112017440796 18.321099
23370.0 1.6794480697631837 18.774171
23385.0 1.6703040058135987 18.575951999999997
23400.0 1.6550639476776123 18.264464999999998
23415.0 1.6367759651184084 17.868026999999998
23430.0 1.591055936050415 16.905248999999998
23445.0 1.5849599418640137 16.763664
23460.0 1.5697200290679933 16.452177
23475.0 1.5697200290679933 16.452177
23490.0 1.6062959941864015 17.216735999999997
23505.0 1.6367759651184084 17.868026999999998
23520.0 1.6885919883728029 18.972389999999997
23535.0 1.7678400581359863 20.756361
23550.0 1.8806160232543947 23.361525
23565.0 2.051304005813599 27.495807
23580.0 2.2494240348815917 32.56455
23595.0 2.459735906982422 38.51112
23610.0 2.6639519302368164 44.45769
23625.0 2.795016023254395 48.42207
23640.0 2.8956 51.536939999999994
23655.0 2.993135906982422 54.65181
23670.0 3.0906721046447756 57.766679999999994
23685.0 3.1760160232543946 60.88155
23700.0 3.2461198837280274 63.14691
23715.0 3.29488812789917 64.84593
23730.0 3.364991988372803 67.11129
23745.0 3.407664093017578 68.81031
23760.0 3.4320480697631837 69.65982
23775.0 3.4747198837280275 71.07567
23790.0 3.5478721046447754 73.6242
23805.0 3.6362640930175782 77.02224
23820.0 3.706367953491211 79.57077
23835.0 3.7581839767456056 81.55296
23850.0 3.773424034881592 82.1193
23865.0 3.813048069763184 83.53515
23880.0 3.8465759651184084 84.951
23895.0 3.831335906982422 84.38466
23910.0 3.8648640930175784 85.51733999999999
23925.0 3.8831519302368167 86.36685
23940.0 3.898391988372803 86.93319
23955.0 3.877056081390381 86.08368
23970.0 3.8922961395263673 86.65002
23985.0 3.9197278953552246 87.78269999999999
24000.0 3.889248069763184 86.65002
24015.0 3.9227759651184084 87.78269999999999
24030.0 3.925824034881592 87.78269999999999
24045.0 3.9502080116271974 88.91538
24060.0 3.9014400581359867 86.93319
24075.0 3.916680116271973 87.49953
24090.0 3.8922961395263673 86.65002
24105.0 3.8953439186096195 86.65002
24120.0 3.870959941864014 85.80050999999999
24135.0 3.858767953491211 85.23416999999999
24150.0 3.8252400581359867 84.10149
24165.0 3.8252400581359867 84.10149
24180.0 3.7764721046447756 82.1193
24195.0 3.7581839767456056 81.55296
24210.0 3.7124640930175783 79.85394
24225.0 3.660648069763184 77.87174999999999
24240.0 3.5874961395263676 75.32321999999999
24255.0 3.517391988372803 72.77468999999999
24270.0 3.4747198837280275 71.07567
24285.0 3.4107118721008303 68.81031
24300.0 3.3223198837280274 65.69543999999999
24315.0 3.2461198837280274 63.14691
24330.0 3.127248069763184 59.18253
24345.0 2.993135906982422 54.65181
24360.0 2.840735906982422 49.83792
24375.0 2.6852881278991703 45.024029999999996
24390.0 2.5298400581359863 40.49331
24405.0 2.3835360523223876 36.24576
24420.0 2.2463759651184083 32.56455
24435.0 2.115312017440796 29.16651
24450.0 1.9842480697631837 25.853420999999997
24465.0 1.8653759651184083 22.993403999999998
24480.0 1.7556480697631838 20.473191
