                   1              8778299
                   2              8782399
                   3              8778185
                   4              8778297
                   5              8778973
                   6              8778979
                   7              8778199
                   8              8778249
                   9              8778975
                  10              8778261
                  11              8778981
                  12              8778169
                  13              8778141
                  14              8778143
                  15              8778103
                  16              8778151
                  17              8778129
                  18              8778155
                  19              8778101
                  20              8778127
                  21              8778085
                  22              8778095
                  23              8778957
                  24              8778045
                  25              8778021
                  26              8778963
                  27              8778945
                  28              8778009
                  29            933020162
