0.0 0.4632959941864014
15.0 0.45720000000000005
30.0 0.45415200290679936
45.0 0.45415200290679936
60.0 0.45415200290679936
75.0 0.45720000000000005
90.0 0.45415200290679936
105.0 0.4602479970932007
120.0 0.45720000000000005
135.0 0.45720000000000005
150.0 0.4754879825592041
165.0 0.4754879825592041
180.0 0.4663439912796021
195.0 0.4602479970932007
210.0 0.4632959941864014
225.0 0.45720000000000005
240.0 0.4602479970932007
255.0 0.45720000000000005
270.0 0.45720000000000005
285.0 0.45720000000000005
300.0 0.45720000000000005
315.0 0.4602479970932007
330.0 0.46939198837280277
345.0 0.4754879825592041
360.0 0.4663439912796021
375.0 0.4663439912796021
390.0 0.4663439912796021
405.0 0.4663439912796021
420.0 0.4602479970932007
435.0 0.45415200290679936
450.0 0.4328159869194031
465.0 0.42367199563980107
480.0 0.4114800072669983
495.0 0.4114800072669983
510.0 0.4602479970932007
525.0 0.48158401308059695
540.0 0.46939198837280277
555.0 0.4632959941864014
570.0 0.4632959941864014
585.0 0.4602479970932007
600.0 0.4602479970932007
615.0 0.45720000000000005
630.0 0.45720000000000005
645.0 0.45720000000000005
660.0 0.45720000000000005
675.0 0.45720000000000005
690.0 0.45720000000000005
705.0 0.46939198837280277
720.0 0.4663439912796021
735.0 0.4602479970932007
750.0 0.45720000000000005
765.0 0.45720000000000005
780.0 0.45720000000000005
795.0 0.45415200290679936
810.0 0.44805600872039797
825.0 0.44805600872039797
840.0 0.45110400581359866
855.0 0.44805600872039797
870.0 0.4632959941864014
885.0 0.4663439912796021
900.0 0.4602479970932007
915.0 0.45110400581359866
930.0 0.4450080116271973
945.0 0.4419600145339966
960.0 0.43891201744079594
975.0 0.4419600145339966
990.0 0.4419600145339966
1005.0 0.4419600145339966
1020.0 0.43891201744079594
1035.0 0.44805600872039797
1050.0 0.44805600872039797
1065.0 0.4632959941864014
1080.0 0.45720000000000005
1095.0 0.45415200290679936
1110.0 0.45415200290679936
1125.0 0.45415200290679936
1140.0 0.45415200290679936
1155.0 0.45110400581359866
1170.0 0.45415200290679936
1185.0 0.44805600872039797
1200.0 0.44805600872039797
1215.0 0.44805600872039797
1230.0 0.4602479970932007
1245.0 0.46939198837280277
1260.0 0.4602479970932007
1275.0 0.45415200290679936
1290.0 0.45415200290679936
1305.0 0.45415200290679936
1320.0 0.45110400581359866
1335.0 0.44805600872039797
1350.0 0.45415200290679936
1365.0 0.45110400581359866
1380.0 0.45415200290679936
1395.0 0.45110400581359866
1410.0 0.45415200290679936
1425.0 0.4632959941864014
1440.0 0.45720000000000005
1455.0 0.45110400581359866
1470.0 0.45110400581359866
1485.0 0.45110400581359866
1500.0 0.45110400581359866
1515.0 0.45415200290679936
1530.0 0.44805600872039797
1545.0 0.45110400581359866
1560.0 0.48463201017379764
1575.0 0.5425439912796021
1590.0 0.5852159869194031
1605.0 0.5974080116271973
1620.0 0.5974080116271973
1635.0 0.5974080116271973
1650.0 0.5974080116271973
1665.0 0.5974080116271973
1680.0 0.5943600145339966
1695.0 0.5943600145339966
1710.0 0.600456008720398
1725.0 0.6187439912796021
1740.0 0.6400799709320069
1755.0 0.6614160232543945
1770.0 0.6797040058135987
1785.0 0.6888479970932008
1800.0 0.6888479970932008
1815.0 0.6858000000000001
1830.0 0.6858000000000001
1845.0 0.676656008720398
1860.0 0.6705600145339966
1875.0 0.6614160232543945
1890.0 0.6461759651184082
1905.0 0.6370319738388062
1920.0 0.6309359796524048
1935.0 0.6217919883728028
1950.0 0.6126479970932007
1965.0 0.6248399854660035
1980.0 0.6187439912796021
1995.0 0.6126479970932007
2010.0 0.6065520029067993
2025.0 0.600456008720398
2040.0 0.5974080116271973
2055.0 0.591312017440796
2070.0 0.5852159869194031
2085.0 0.5791199927330017
2100.0 0.576071995639801
2115.0 0.576071995639801
2130.0 0.576071995639801
2145.0 0.576071995639801
2160.0 0.566928004360199
2175.0 0.5608320101737977
2190.0 0.557784013080597
2205.0 0.5516879825592041
2220.0 0.5486399854660035
2235.0 0.5455919883728028
2250.0 0.5364479970932007
2265.0 0.5303520029067993
2280.0 0.5303520029067993
2295.0 0.5303520029067993
2310.0 0.5334
2325.0 0.5364479970932007
2340.0 0.5303520029067993
2355.0 0.5273040058135987
2370.0 0.5212080116271973
2385.0 0.5120639840126038
2400.0 0.5120639840126038
2415.0 0.5120639840126038
2430.0 0.5151120174407959
2445.0 0.5181600145339966
2460.0 0.5212080116271973
2475.0 0.5181600145339966
2490.0 0.5181600145339966
2505.0 0.524256008720398
2520.0 0.5181600145339966
2535.0 0.5181600145339966
2550.0 0.5181600145339966
2565.0 0.5120639840126038
2580.0 0.5151120174407959
2595.0 0.5059679898262024
2610.0 0.5059679898262024
2625.0 0.5059679898262024
2640.0 0.5120639840126038
2655.0 0.49987199563980106
2670.0 0.5090159869194031
2685.0 0.5120639840126038
2700.0 0.5029199927330017
2715.0 0.5029199927330017
2730.0 0.49987199563980106
2745.0 0.49682399854660036
2760.0 0.49682399854660036
2775.0 0.49377600145339967
2790.0 0.490728004360199
2805.0 0.49377600145339967
2820.0 0.490728004360199
2835.0 0.490728004360199
2850.0 0.490728004360199
2865.0 0.5120639840126038
2880.0 0.5029199927330017
2895.0 0.5029199927330017
2910.0 0.48768000726699834
2925.0 0.490728004360199
2940.0 0.490728004360199
2955.0 0.48463201017379764
2970.0 0.49377600145339967
2985.0 0.48768000726699834
3000.0 0.48768000726699834
3015.0 0.48463201017379764
3030.0 0.49377600145339967
3045.0 0.49987199563980106
3060.0 0.49377600145339967
3075.0 0.48768000726699834
3090.0 0.48768000726699834
3105.0 0.490728004360199
3120.0 0.48463201017379764
3135.0 0.48463201017379764
3150.0 0.47853601598739626
3165.0 0.48463201017379764
3180.0 0.48158401308059695
3195.0 0.48158401308059695
3210.0 0.48158401308059695
3225.0 0.48768000726699834
3240.0 0.490728004360199
3255.0 0.48158401308059695
3270.0 0.47853601598739626
3285.0 0.48158401308059695
3300.0 0.47853601598739626
3315.0 0.47243998546600346
3330.0 0.45720000000000005
3345.0 0.45415200290679936
3360.0 0.44805600872039797
3375.0 0.44805600872039797
3390.0 0.4632959941864014
3405.0 0.48768000726699834
3420.0 0.48768000726699834
3435.0 0.48158401308059695
3450.0 0.47853601598739626
3465.0 0.4754879825592041
3480.0 0.47853601598739626
3495.0 0.47243998546600346
3510.0 0.4754879825592041
3525.0 0.4754879825592041
3540.0 0.4754879825592041
3555.0 0.47243998546600346
3570.0 0.46939198837280277
3585.0 0.47853601598739626
3600.0 0.47243998546600346
3615.0 0.47243998546600346
3630.0 0.4754879825592041
3645.0 0.47243998546600346
3660.0 0.46939198837280277
3675.0 0.4663439912796021
3690.0 0.4632959941864014
3705.0 0.4632959941864014
3720.0 0.4602479970932007
3735.0 0.4632959941864014
3750.0 0.4602479970932007
3765.0 0.4754879825592041
3780.0 0.46939198837280277
3795.0 0.4663439912796021
3810.0 0.4632959941864014
3825.0 0.4602479970932007
3840.0 0.4602479970932007
3855.0 0.4632959941864014
3870.0 0.4663439912796021
3885.0 0.4663439912796021
3900.0 0.4663439912796021
3915.0 0.47243998546600346
3930.0 0.46939198837280277
3945.0 0.4754879825592041
3960.0 0.47243998546600346
3975.0 0.46939198837280277
3990.0 0.46939198837280277
4005.0 0.4632959941864014
4020.0 0.4663439912796021
4035.0 0.4632959941864014
4050.0 0.4663439912796021
4065.0 0.4632959941864014
4080.0 0.46939198837280277
4095.0 0.4632959941864014
4110.0 0.4663439912796021
4125.0 0.4754879825592041
4140.0 0.47243998546600346
4155.0 0.4663439912796021
4170.0 0.4663439912796021
4185.0 0.4663439912796021
4200.0 0.47243998546600346
4215.0 0.4663439912796021
4230.0 0.4632959941864014
4245.0 0.4632959941864014
4260.0 0.4602479970932007
4275.0 0.4632959941864014
4290.0 0.4632959941864014
4305.0 0.46939198837280277
4320.0 0.4632959941864014
4335.0 0.4632959941864014
4350.0 0.4602479970932007
4365.0 0.4632959941864014
4380.0 0.4632959941864014
4395.0 0.4602479970932007
4410.0 0.4602479970932007
4425.0 0.45720000000000005
4440.0 0.45720000000000005
4455.0 0.45720000000000005
4470.0 0.4602479970932007
4485.0 0.47243998546600346
4500.0 0.4663439912796021
4515.0 0.4632959941864014
4530.0 0.4602479970932007
4545.0 0.4602479970932007
4560.0 0.4602479970932007
4575.0 0.4602479970932007
4590.0 0.4602479970932007
4605.0 0.4602479970932007
4620.0 0.4602479970932007
4635.0 0.4632959941864014
4650.0 0.4602479970932007
4665.0 0.4663439912796021
4680.0 0.4602479970932007
4695.0 0.4602479970932007
4710.0 0.45720000000000005
4725.0 0.4602479970932007
4740.0 0.45720000000000005
4755.0 0.45720000000000005
4770.0 0.4328159869194031
4785.0 0.42367199563980107
4800.0 0.42367199563980107
4815.0 0.4206239985466004
4830.0 0.4206239985466004
4845.0 0.45720000000000005
4860.0 0.4602479970932007
4875.0 0.4602479970932007
4890.0 0.45720000000000005
4905.0 0.45720000000000005
4920.0 0.45720000000000005
4935.0 0.45720000000000005
4950.0 0.45720000000000005
4965.0 0.45720000000000005
4980.0 0.45415200290679936
4995.0 0.4602479970932007
5010.0 0.45720000000000005
5025.0 0.4663439912796021
5040.0 0.4602479970932007
5055.0 0.4602479970932007
5070.0 0.4602479970932007
5085.0 0.4602479970932007
5100.0 0.45720000000000005
5115.0 0.45415200290679936
5130.0 0.44805600872039797
5145.0 0.4358639840126038
5160.0 0.4328159869194031
5175.0 0.4419600145339966
5190.0 0.4419600145339966
5205.0 0.4602479970932007
5220.0 0.45720000000000005
5235.0 0.45415200290679936
5250.0 0.45110400581359866
5265.0 0.45110400581359866
5280.0 0.4419600145339966
5295.0 0.4328159869194031
5310.0 0.4450080116271973
5325.0 0.45415200290679936
5340.0 0.45720000000000005
5355.0 0.45720000000000005
5370.0 0.45415200290679936
5385.0 0.46939198837280277
5400.0 0.4602479970932007
5415.0 0.45720000000000005
5430.0 0.4632959941864014
5445.0 0.45720000000000005
5460.0 0.4632959941864014
5475.0 0.4632959941864014
5490.0 0.45415200290679936
5505.0 0.4602479970932007
5520.0 0.45720000000000005
5535.0 0.4602479970932007
5550.0 0.4632959941864014
5565.0 0.47243998546600346
5580.0 0.47243998546600346
5595.0 0.4632959941864014
5610.0 0.4632959941864014
5625.0 0.4602479970932007
5640.0 0.4602479970932007
5655.0 0.4632959941864014
5670.0 0.45720000000000005
5685.0 0.4602479970932007
5700.0 0.45720000000000005
5715.0 0.45720000000000005
5730.0 0.45720000000000005
5745.0 0.46939198837280277
5760.0 0.4632959941864014
5775.0 0.4602479970932007
5790.0 0.45720000000000005
5805.0 0.45720000000000005
5820.0 0.45720000000000005
5835.0 0.45720000000000005
5850.0 0.4602479970932007
5865.0 0.4602479970932007
5880.0 0.45720000000000005
5895.0 0.45720000000000005
5910.0 0.4632959941864014
5925.0 0.47243998546600346
5940.0 0.4602479970932007
5955.0 0.45415200290679936
5970.0 0.45720000000000005
5985.0 0.45415200290679936
6000.0 0.45415200290679936
6015.0 0.45720000000000005
6030.0 0.45415200290679936
6045.0 0.45415200290679936
6060.0 0.45110400581359866
6075.0 0.45720000000000005
6090.0 0.45110400581359866
6105.0 0.4602479970932007
6120.0 0.4754879825592041
6135.0 0.45720000000000005
6150.0 0.45415200290679936
6165.0 0.45415200290679936
6180.0 0.45415200290679936
6195.0 0.45415200290679936
6210.0 0.4297679898262024
6225.0 0.4206239985466004
6240.0 0.4206239985466004
6255.0 0.40843201017379765
6270.0 0.414528004360199
6285.0 0.4602479970932007
6300.0 0.45720000000000005
6315.0 0.45415200290679936
6330.0 0.4602479970932007
6345.0 0.45720000000000005
6360.0 0.45110400581359866
6375.0 0.45110400581359866
6390.0 0.45720000000000005
6405.0 0.45720000000000005
6420.0 0.45415200290679936
6435.0 0.45110400581359866
6450.0 0.44805600872039797
6465.0 0.4632959941864014
6480.0 0.45415200290679936
6495.0 0.45415200290679936
6510.0 0.45720000000000005
6525.0 0.4602479970932007
6540.0 0.45110400581359866
6555.0 0.45110400581359866
6570.0 0.45110400581359866
6585.0 0.44805600872039797
6600.0 0.45110400581359866
6615.0 0.4419600145339966
6630.0 0.43891201744079594
6645.0 0.45720000000000005
6660.0 0.45110400581359866
6675.0 0.45110400581359866
6690.0 0.4450080116271973
6705.0 0.4419600145339966
6720.0 0.4450080116271973
6735.0 0.43891201744079594
6750.0 0.4419600145339966
6765.0 0.45110400581359866
6780.0 0.45110400581359866
6795.0 0.45720000000000005
6810.0 0.44805600872039797
6825.0 0.4663439912796021
6840.0 0.45720000000000005
6855.0 0.45415200290679936
6870.0 0.45415200290679936
6885.0 0.45415200290679936
6900.0 0.45415200290679936
6915.0 0.45415200290679936
6930.0 0.45415200290679936
6945.0 0.45110400581359866
6960.0 0.45415200290679936
6975.0 0.45415200290679936
6990.0 0.45720000000000005
7005.0 0.47243998546600346
7020.0 0.4602479970932007
7035.0 0.45720000000000005
7050.0 0.45110400581359866
7065.0 0.44805600872039797
7080.0 0.45110400581359866
7095.0 0.45720000000000005
7110.0 0.45415200290679936
7125.0 0.45110400581359866
7140.0 0.45110400581359866
7155.0 0.45415200290679936
7170.0 0.45415200290679936
7185.0 0.4632959941864014
7200.0 0.45415200290679936
7215.0 0.4602479970932007
7230.0 0.45415200290679936
7245.0 0.45415200290679936
7260.0 0.44805600872039797
7275.0 0.45110400581359866
7290.0 0.45415200290679936
7305.0 0.45720000000000005
7320.0 0.45415200290679936
7335.0 0.45110400581359866
7350.0 0.45720000000000005
7365.0 0.47243998546600346
7380.0 0.4602479970932007
7395.0 0.4602479970932007
7410.0 0.45415200290679936
7425.0 0.45110400581359866
7440.0 0.45110400581359866
7455.0 0.44805600872039797
7470.0 0.44805600872039797
7485.0 0.44805600872039797
7500.0 0.44805600872039797
7515.0 0.4450080116271973
7530.0 0.44805600872039797
7545.0 0.4602479970932007
7560.0 0.45415200290679936
7575.0 0.45110400581359866
7590.0 0.45110400581359866
7605.0 0.45110400581359866
7620.0 0.45110400581359866
7635.0 0.44805600872039797
7650.0 0.42367199563980107
7665.0 0.414528004360199
7680.0 0.40843201017379765
7695.0 0.40538401308059696
7710.0 0.40538401308059696
7725.0 0.42367199563980107
7740.0 0.44805600872039797
7755.0 0.45110400581359866
7770.0 0.44805600872039797
7785.0 0.45415200290679936
7800.0 0.44805600872039797
7815.0 0.44805600872039797
7830.0 0.45110400581359866
7845.0 0.44805600872039797
7860.0 0.45110400581359866
7875.0 0.45415200290679936
7890.0 0.45110400581359866
7905.0 0.4632959941864014
7920.0 0.4602479970932007
7935.0 0.45415200290679936
7950.0 0.45110400581359866
7965.0 0.45415200290679936
7980.0 0.45110400581359866
7995.0 0.44805600872039797
8010.0 0.4450080116271973
8025.0 0.45720000000000005
8040.0 0.4450080116271973
8055.0 0.4358639840126038
8070.0 0.4297679898262024
8085.0 0.45415200290679936
8100.0 0.45110400581359866
8115.0 0.45110400581359866
8130.0 0.4450080116271973
8145.0 0.4450080116271973
8160.0 0.44805600872039797
8175.0 0.44805600872039797
8190.0 0.4419600145339966
8205.0 0.4419600145339966
8220.0 0.4450080116271973
8235.0 0.45720000000000005
8250.0 0.4419600145339966
8265.0 0.45720000000000005
8280.0 0.4602479970932007
8295.0 0.46939198837280277
8310.0 0.45415200290679936
8325.0 0.45110400581359866
8340.0 0.45415200290679936
8355.0 0.44805600872039797
8370.0 0.45110400581359866
8385.0 0.4602479970932007
8400.0 0.44805600872039797
8415.0 0.45110400581359866
8430.0 0.45110400581359866
8445.0 0.4663439912796021
8460.0 0.45720000000000005
8475.0 0.45415200290679936
8490.0 0.45415200290679936
8505.0 0.45720000000000005
8520.0 0.45415200290679936
8535.0 0.45110400581359866
8550.0 0.44805600872039797
8565.0 0.45110400581359866
8580.0 0.45415200290679936
8595.0 0.45110400581359866
8610.0 0.45110400581359866
8625.0 0.46939198837280277
8640.0 0.45720000000000005
8655.0 0.45110400581359866
8670.0 0.45110400581359866
8685.0 0.45110400581359866
8700.0 0.44805600872039797
8715.0 0.44805600872039797
8730.0 0.45110400581359866
8745.0 0.44805600872039797
8760.0 0.44805600872039797
8775.0 0.45110400581359866
8790.0 0.45415200290679936
8805.0 0.43891201744079594
8820.0 0.4175760014533997
8835.0 0.40843201017379765
8850.0 0.40843201017379765
8865.0 0.43891201744079594
8880.0 0.4450080116271973
8895.0 0.4602479970932007
8910.0 0.4602479970932007
8925.0 0.45415200290679936
8940.0 0.45720000000000005
8955.0 0.44805600872039797
8970.0 0.45720000000000005
8985.0 0.45720000000000005
9000.0 0.4632959941864014
9015.0 0.44805600872039797
9030.0 0.44805600872039797
9045.0 0.45110400581359866
9060.0 0.44805600872039797
9075.0 0.44805600872039797
9090.0 0.42367199563980107
9105.0 0.4114800072669983
9120.0 0.40843201017379765
9135.0 0.40843201017379765
9150.0 0.4358639840126038
9165.0 0.45720000000000005
9180.0 0.45415200290679936
9195.0 0.45110400581359866
9210.0 0.45110400581359866
9225.0 0.45110400581359866
9240.0 0.44805600872039797
9255.0 0.45415200290679936
9270.0 0.45415200290679936
9285.0 0.45110400581359866
9300.0 0.45110400581359866
9315.0 0.44805600872039797
9330.0 0.45110400581359866
9345.0 0.4602479970932007
9360.0 0.4602479970932007
9375.0 0.45110400581359866
9390.0 0.45110400581359866
9405.0 0.45110400581359866
9420.0 0.44805600872039797
9435.0 0.4419600145339966
9450.0 0.4297679898262024
9465.0 0.42367199563980107
9480.0 0.4297679898262024
9495.0 0.4328159869194031
9510.0 0.43891201744079594
9525.0 0.45720000000000005
9540.0 0.45110400581359866
9555.0 0.4450080116271973
9570.0 0.4419600145339966
9585.0 0.4358639840126038
9600.0 0.4328159869194031
9615.0 0.4419600145339966
9630.0 0.44805600872039797
9645.0 0.44805600872039797
9660.0 0.44805600872039797
9675.0 0.45110400581359866
9690.0 0.44805600872039797
9705.0 0.4632959941864014
9720.0 0.45415200290679936
9735.0 0.44805600872039797
9750.0 0.44805600872039797
9765.0 0.44805600872039797
9780.0 0.44805600872039797
9795.0 0.45110400581359866
9810.0 0.44805600872039797
9825.0 0.44805600872039797
9840.0 0.4450080116271973
9855.0 0.4450080116271973
9870.0 0.44805600872039797
9885.0 0.4632959941864014
9900.0 0.45720000000000005
9915.0 0.44805600872039797
9930.0 0.45415200290679936
9945.0 0.44805600872039797
9960.0 0.45110400581359866
9975.0 0.45110400581359866
9990.0 0.4663439912796021
10005.0 0.45720000000000005
10020.0 0.44805600872039797
10035.0 0.45110400581359866
10050.0 0.45110400581359866
10065.0 0.4632959941864014
10080.0 0.45720000000000005
10095.0 0.45110400581359866
10110.0 0.45110400581359866
10125.0 0.44805600872039797
10140.0 0.45110400581359866
10155.0 0.45110400581359866
10170.0 0.44805600872039797
10185.0 0.44805600872039797
10200.0 0.4450080116271973
10215.0 0.44805600872039797
10230.0 0.45415200290679936
10245.0 0.4663439912796021
10260.0 0.4632959941864014
10275.0 0.45415200290679936
10290.0 0.45110400581359866
10305.0 0.45415200290679936
10320.0 0.45110400581359866
10335.0 0.45110400581359866
10350.0 0.44805600872039797
10365.0 0.44805600872039797
10380.0 0.44805600872039797
10395.0 0.44805600872039797
10410.0 0.45110400581359866
10425.0 0.46939198837280277
10440.0 0.4602479970932007
10455.0 0.45720000000000005
10470.0 0.45415200290679936
10485.0 0.45110400581359866
10500.0 0.45110400581359866
10515.0 0.4450080116271973
10530.0 0.42367199563980107
10545.0 0.4114800072669983
10560.0 0.40538401308059696
10575.0 0.40538401308059696
10590.0 0.42367199563980107
10605.0 0.4602479970932007
10620.0 0.45720000000000005
10635.0 0.45110400581359866
10650.0 0.45110400581359866
10665.0 0.45110400581359866
10680.0 0.44805600872039797
10695.0 0.45110400581359866
10710.0 0.44805600872039797
10725.0 0.4450080116271973
10740.0 0.4450080116271973
10755.0 0.45110400581359866
10770.0 0.4419600145339966
10785.0 0.4632959941864014
10800.0 0.45110400581359866
10815.0 0.45110400581359866
10830.0 0.44805600872039797
10845.0 0.4450080116271973
10860.0 0.4419600145339966
10875.0 0.4419600145339966
10890.0 0.44805600872039797
10905.0 0.4328159869194031
10920.0 0.4328159869194031
10935.0 0.4328159869194031
10950.0 0.4328159869194031
10965.0 0.4632959941864014
10980.0 0.44805600872039797
10995.0 0.4450080116271973
11010.0 0.4419600145339966
11025.0 0.4450080116271973
11040.0 0.4419600145339966
11055.0 0.4450080116271973
11070.0 0.4419600145339966
11085.0 0.44805600872039797
11100.0 0.4450080116271973
11115.0 0.44805600872039797
11130.0 0.4450080116271973
11145.0 0.4632959941864014
11160.0 0.45415200290679936
11175.0 0.44805600872039797
11190.0 0.44805600872039797
11205.0 0.44805600872039797
11220.0 0.44805600872039797
11235.0 0.4450080116271973
11250.0 0.44805600872039797
11265.0 0.44805600872039797
11280.0 0.45110400581359866
11295.0 0.4450080116271973
11310.0 0.4450080116271973
11325.0 0.4663439912796021
11340.0 0.45720000000000005
11355.0 0.45415200290679936
11370.0 0.44805600872039797
11385.0 0.4450080116271973
11400.0 0.4450080116271973
11415.0 0.4419600145339966
11430.0 0.4450080116271973
11445.0 0.4419600145339966
11460.0 0.44805600872039797
11475.0 0.4419600145339966
11490.0 0.4419600145339966
11505.0 0.4206239985466004
11520.0 0.40538401308059696
11535.0 0.40233601598739627
11550.0 0.4114800072669983
11565.0 0.4419600145339966
11580.0 0.44805600872039797
11595.0 0.44805600872039797
11610.0 0.45110400581359866
11625.0 0.44805600872039797
11640.0 0.4602479970932007
11655.0 0.44805600872039797
11670.0 0.4450080116271973
11685.0 0.4663439912796021
11700.0 0.45720000000000005
11715.0 0.45110400581359866
11730.0 0.44805600872039797
11745.0 0.45110400581359866
11760.0 0.4450080116271973
11775.0 0.4450080116271973
11790.0 0.4450080116271973
11805.0 0.4419600145339966
11820.0 0.4450080116271973
11835.0 0.4450080116271973
11850.0 0.4419600145339966
11865.0 0.45720000000000005
11880.0 0.45110400581359866
11895.0 0.44805600872039797
11910.0 0.4450080116271973
11925.0 0.4450080116271973
11940.0 0.4450080116271973
11955.0 0.4450080116271973
11970.0 0.4206239985466004
11985.0 0.40843201017379765
12000.0 0.3992879825592041
12015.0 0.3992879825592041
12030.0 0.3992879825592041
12045.0 0.42367199563980107
12060.0 0.44805600872039797
12075.0 0.45415200290679936
12090.0 0.45110400581359866
12105.0 0.45110400581359866
12120.0 0.44805600872039797
12135.0 0.45415200290679936
12150.0 0.45415200290679936
12165.0 0.44805600872039797
12180.0 0.44805600872039797
12195.0 0.44805600872039797
12210.0 0.44805600872039797
12225.0 0.4632959941864014
12240.0 0.45720000000000005
12255.0 0.45110400581359866
12270.0 0.44805600872039797
12285.0 0.44805600872039797
12300.0 0.4419600145339966
12315.0 0.4297679898262024
12330.0 0.4297679898262024
12345.0 0.4328159869194031
12360.0 0.4419600145339966
12375.0 0.44805600872039797
12390.0 0.4450080116271973
12405.0 0.45720000000000005
12420.0 0.45415200290679936
12435.0 0.44805600872039797
12450.0 0.44805600872039797
12465.0 0.4450080116271973
12480.0 0.4450080116271973
12495.0 0.4450080116271973
12510.0 0.44805600872039797
12525.0 0.4450080116271973
12540.0 0.44805600872039797
12555.0 0.44805600872039797
12570.0 0.4450080116271973
12585.0 0.4632959941864014
12600.0 0.45720000000000005
12615.0 0.45110400581359866
12630.0 0.45415200290679936
12645.0 0.45110400581359866
12660.0 0.45110400581359866
12675.0 0.45415200290679936
12690.0 0.45415200290679936
12705.0 0.45415200290679936
12720.0 0.45110400581359866
12735.0 0.44805600872039797
12750.0 0.4450080116271973
12765.0 0.4602479970932007
12780.0 0.45720000000000005
12795.0 0.45720000000000005
12810.0 0.45415200290679936
12825.0 0.45110400581359866
12840.0 0.44805600872039797
12855.0 0.44805600872039797
12870.0 0.45415200290679936
12885.0 0.45110400581359866
12900.0 0.44805600872039797
12915.0 0.45110400581359866
12930.0 0.44805600872039797
12945.0 0.4663439912796021
12960.0 0.4602479970932007
12975.0 0.45720000000000005
12990.0 0.45110400581359866
13005.0 0.45110400581359866
13020.0 0.45110400581359866
13035.0 0.44805600872039797
13050.0 0.45110400581359866
13065.0 0.45110400581359866
13080.0 0.44805600872039797
13095.0 0.44805600872039797
13110.0 0.45415200290679936
13125.0 0.46939198837280277
13140.0 0.45720000000000005
13155.0 0.45415200290679936
13170.0 0.45415200290679936
13185.0 0.44805600872039797
13200.0 0.45110400581359866
13215.0 0.45110400581359866
13230.0 0.45110400581359866
13245.0 0.45110400581359866
13260.0 0.44805600872039797
13275.0 0.45110400581359866
13290.0 0.4450080116271973
13305.0 0.4632959941864014
13320.0 0.4602479970932007
13335.0 0.45110400581359866
13350.0 0.45415200290679936
13365.0 0.45110400581359866
13380.0 0.45110400581359866
13395.0 0.45110400581359866
13410.0 0.4267199927330017
13425.0 0.414528004360199
13440.0 0.40538401308059696
13455.0 0.40538401308059696
13470.0 0.42367199563980107
13485.0 0.45415200290679936
13500.0 0.45415200290679936
13515.0 0.45720000000000005
13530.0 0.44805600872039797
13545.0 0.44805600872039797
13560.0 0.44805600872039797
13575.0 0.44805600872039797
13590.0 0.44805600872039797
13605.0 0.45110400581359866
13620.0 0.45110400581359866
13635.0 0.4419600145339966
13650.0 0.4450080116271973
13665.0 0.4632959941864014
13680.0 0.4602479970932007
13695.0 0.45415200290679936
13710.0 0.45720000000000005
13725.0 0.44805600872039797
13740.0 0.44805600872039797
13755.0 0.4450080116271973
13770.0 0.4297679898262024
13785.0 0.4267199927330017
13800.0 0.4297679898262024
13815.0 0.4328159869194031
13830.0 0.4358639840126038
13845.0 0.45415200290679936
13860.0 0.4450080116271973
13875.0 0.43891201744079594
13890.0 0.4358639840126038
13905.0 0.43891201744079594
13920.0 0.4419600145339966
13935.0 0.4450080116271973
13950.0 0.44805600872039797
13965.0 0.45110400581359866
13980.0 0.45110400581359866
13995.0 0.45110400581359866
14010.0 0.4450080116271973
14025.0 0.4632959941864014
14040.0 0.4602479970932007
14055.0 0.45415200290679936
14070.0 0.45110400581359866
14085.0 0.45415200290679936
14100.0 0.44805600872039797
14115.0 0.44805600872039797
14130.0 0.45110400581359866
14145.0 0.4450080116271973
14160.0 0.4450080116271973
14175.0 0.44805600872039797
14190.0 0.4450080116271973
14205.0 0.4632959941864014
14220.0 0.4632959941864014
14235.0 0.45110400581359866
14250.0 0.45720000000000005
14265.0 0.44805600872039797
14280.0 0.44805600872039797
14295.0 0.44805600872039797
14310.0 0.44805600872039797
14325.0 0.44805600872039797
14340.0 0.44805600872039797
14355.0 0.44805600872039797
14370.0 0.4419600145339966
14385.0 0.4663439912796021
14400.0 0.4602479970932007
14415.0 0.45415200290679936
14430.0 0.45110400581359866
14445.0 0.4450080116271973
14460.0 0.4450080116271973
14475.0 0.4450080116271973
14490.0 0.44805600872039797
14505.0 0.44805600872039797
14520.0 0.44805600872039797
14535.0 0.45110400581359866
14550.0 0.45110400581359866
14565.0 0.46939198837280277
14580.0 0.45720000000000005
14595.0 0.45720000000000005
14610.0 0.45720000000000005
14625.0 0.45415200290679936
14640.0 0.45415200290679936
14655.0 0.45720000000000005
14670.0 0.4632959941864014
14685.0 0.46939198837280277
14700.0 0.47243998546600346
14715.0 0.4754879825592041
14730.0 0.4754879825592041
14745.0 0.490728004360199
14760.0 0.48463201017379764
14775.0 0.48463201017379764
14790.0 0.48158401308059695
14805.0 0.48158401308059695
14820.0 0.48463201017379764
14835.0 0.48158401308059695
14850.0 0.4632959941864014
14865.0 0.45415200290679936
14880.0 0.44805600872039797
14895.0 0.45110400581359866
14910.0 0.44805600872039797
14925.0 0.48463201017379764
14940.0 0.48768000726699834
14955.0 0.48463201017379764
14970.0 0.47853601598739626
14985.0 0.47853601598739626
15000.0 0.47853601598739626
15015.0 0.4754879825592041
15030.0 0.4754879825592041
15045.0 0.47243998546600346
15060.0 0.4754879825592041
15075.0 0.4754879825592041
15090.0 0.4663439912796021
15105.0 0.48158401308059695
15120.0 0.47853601598739626
15135.0 0.4754879825592041
15150.0 0.47243998546600346
15165.0 0.47243998546600346
15180.0 0.46939198837280277
15195.0 0.46939198837280277
15210.0 0.4632959941864014
15225.0 0.4602479970932007
15240.0 0.45720000000000005
15255.0 0.45415200290679936
15270.0 0.45720000000000005
15285.0 0.48463201017379764
15300.0 0.47243998546600346
15315.0 0.47243998546600346
15330.0 0.47243998546600346
15345.0 0.47853601598739626
15360.0 0.490728004360199
15375.0 0.49377600145339967
15390.0 0.49682399854660036
15405.0 0.49987199563980106
15420.0 0.49987199563980106
15435.0 0.49987199563980106
15450.0 0.49682399854660036
15465.0 0.5120639840126038
15480.0 0.5120639840126038
15495.0 0.5090159869194031
15510.0 0.5090159869194031
15525.0 0.5029199927330017
15540.0 0.5059679898262024
15555.0 0.5059679898262024
15570.0 0.5090159869194031
15585.0 0.5120639840126038
15600.0 0.5090159869194031
15615.0 0.5090159869194031
15630.0 0.48768000726699834
15645.0 0.47243998546600346
15660.0 0.46939198837280277
15675.0 0.524256008720398
15690.0 0.5212080116271973
15705.0 0.5181600145339966
15720.0 0.5120639840126038
15735.0 0.5090159869194031
15750.0 0.5059679898262024
15765.0 0.5059679898262024
15780.0 0.5059679898262024
15795.0 0.5090159869194031
15810.0 0.5090159869194031
15825.0 0.5151120174407959
15840.0 0.5090159869194031
15855.0 0.5059679898262024
15870.0 0.5059679898262024
15885.0 0.49987199563980106
15900.0 0.5029199927330017
15915.0 0.49987199563980106
15930.0 0.49987199563980106
15945.0 0.5029199927330017
15960.0 0.5029199927330017
15975.0 0.49987199563980106
15990.0 0.49987199563980106
16005.0 0.5120639840126038
16020.0 0.5059679898262024
16035.0 0.49682399854660036
16050.0 0.49682399854660036
16065.0 0.49377600145339967
16080.0 0.490728004360199
16095.0 0.490728004360199
16110.0 0.490728004360199
16125.0 0.490728004360199
16140.0 0.490728004360199
16155.0 0.48768000726699834
16170.0 0.490728004360199
16185.0 0.49987199563980106
16200.0 0.490728004360199
16215.0 0.490728004360199
16230.0 0.48768000726699834
16245.0 0.48463201017379764
16260.0 0.48463201017379764
16275.0 0.48158401308059695
16290.0 0.45415200290679936
16305.0 0.4450080116271973
16320.0 0.4450080116271973
16335.0 0.4602479970932007
16350.0 0.49987199563980106
16365.0 0.524256008720398
16380.0 0.5303520029067993
16395.0 0.5334
16410.0 0.5334
16425.0 0.5334
16440.0 0.5334
16455.0 0.5334
16470.0 0.5364479970932007
16485.0 0.5303520029067993
16500.0 0.5303520029067993
16515.0 0.5334
16530.0 0.5334
16545.0 0.5425439912796021
16560.0 0.5334
16575.0 0.5273040058135987
16590.0 0.5273040058135987
16605.0 0.5212080116271973
16620.0 0.5212080116271973
16635.0 0.5181600145339966
16650.0 0.5120639840126038
16665.0 0.5090159869194031
16680.0 0.5059679898262024
16695.0 0.5059679898262024
16710.0 0.49987199563980106
16725.0 0.5120639840126038
16740.0 0.5120639840126038
16755.0 0.5029199927330017
16770.0 0.49987199563980106
16785.0 0.49987199563980106
16800.0 0.5029199927330017
16815.0 0.49682399854660036
16830.0 0.49682399854660036
16845.0 0.49682399854660036
16860.0 0.49987199563980106
16875.0 0.5029199927330017
16890.0 0.5029199927330017
16905.0 0.5151120174407959
16920.0 0.5059679898262024
16935.0 0.49682399854660036
16950.0 0.49377600145339967
16965.0 0.49682399854660036
16980.0 0.48463201017379764
16995.0 0.4632959941864014
17010.0 0.45720000000000005
17025.0 0.45720000000000005
17040.0 0.48158401308059695
17055.0 0.490728004360199
17070.0 0.48463201017379764
17085.0 0.49682399854660036
17100.0 0.490728004360199
17115.0 0.490728004360199
17130.0 0.49377600145339967
17145.0 0.48768000726699834
17160.0 0.48463201017379764
17175.0 0.48768000726699834
17190.0 0.48768000726699834
17205.0 0.490728004360199
17220.0 0.47853601598739626
17235.0 0.5029199927330017
17250.0 0.49682399854660036
17265.0 0.49987199563980106
17280.0 0.48768000726699834
17295.0 0.48463201017379764
17310.0 0.48463201017379764
17325.0 0.48158401308059695
17340.0 0.48158401308059695
17355.0 0.48158401308059695
17370.0 0.48158401308059695
17385.0 0.47853601598739626
17400.0 0.48463201017379764
17415.0 0.48158401308059695
17430.0 0.47853601598739626
17445.0 0.490728004360199
17460.0 0.48463201017379764
17475.0 0.48463201017379764
17490.0 0.48158401308059695
17505.0 0.47853601598739626
17520.0 0.4754879825592041
17535.0 0.4754879825592041
17550.0 0.48158401308059695
17565.0 0.47853601598739626
17580.0 0.48158401308059695
17595.0 0.4754879825592041
17610.0 0.4754879825592041
17625.0 0.490728004360199
17640.0 0.47853601598739626
17655.0 0.4754879825592041
17670.0 0.4754879825592041
17685.0 0.46939198837280277
17700.0 0.47243998546600346
17715.0 0.46939198837280277
17730.0 0.4419600145339966
17745.0 0.4297679898262024
17760.0 0.4328159869194031
17775.0 0.42367199563980107
17790.0 0.4267199927330017
17805.0 0.4632959941864014
17820.0 0.47243998546600346
17835.0 0.4663439912796021
17850.0 0.46939198837280277
17865.0 0.4602479970932007
17880.0 0.44805600872039797
17895.0 0.4450080116271973
17910.0 0.4419600145339966
17925.0 0.4450080116271973
17940.0 0.4450080116271973
17955.0 0.44805600872039797
17970.0 0.44805600872039797
17985.0 0.47243998546600346
18000.0 0.4632959941864014
18015.0 0.45415200290679936
18030.0 0.45110400581359866
18045.0 0.45415200290679936
18060.0 0.45720000000000005
18075.0 0.45720000000000005
18090.0 0.45415200290679936
18105.0 0.4450080116271973
18120.0 0.4450080116271973
18135.0 0.43891201744079594
18150.0 0.4267199927330017
18165.0 0.4297679898262024
18180.0 0.4297679898262024
18195.0 0.43891201744079594
18210.0 0.43891201744079594
18225.0 0.4358639840126038
18240.0 0.4419600145339966
18255.0 0.4419600145339966
18270.0 0.4450080116271973
18285.0 0.4419600145339966
18300.0 0.4419600145339966
18315.0 0.44805600872039797
18330.0 0.44805600872039797
18345.0 0.4663439912796021
18360.0 0.4602479970932007
18375.0 0.43891201744079594
18390.0 0.4328159869194031
18405.0 0.4358639840126038
18420.0 0.4419600145339966
18435.0 0.45110400581359866
18450.0 0.45720000000000005
18465.0 0.45720000000000005
18480.0 0.45415200290679936
18495.0 0.45415200290679936
18510.0 0.4297679898262024
18525.0 0.4206239985466004
18540.0 0.414528004360199
18555.0 0.414528004360199
18570.0 0.4114800072669983
18585.0 0.43891201744079594
18600.0 0.45110400581359866
18615.0 0.45720000000000005
18630.0 0.45415200290679936
18645.0 0.45720000000000005
18660.0 0.4663439912796021
18675.0 0.45720000000000005
18690.0 0.45415200290679936
18705.0 0.47243998546600346
18720.0 0.4663439912796021
18735.0 0.45720000000000005
18750.0 0.4358639840126038
18765.0 0.42367199563980107
18780.0 0.4175760014533997
18795.0 0.4175760014533997
18810.0 0.414528004360199
18825.0 0.4206239985466004
18840.0 0.4450080116271973
18855.0 0.45415200290679936
18870.0 0.45415200290679936
18885.0 0.4632959941864014
18900.0 0.47243998546600346
18915.0 0.47243998546600346
18930.0 0.47243998546600346
18945.0 0.47243998546600346
18960.0 0.47853601598739626
18975.0 0.4754879825592041
18990.0 0.47853601598739626
19005.0 0.47853601598739626
19020.0 0.47243998546600346
19035.0 0.4663439912796021
19050.0 0.4328159869194031
19065.0 0.42367199563980107
19080.0 0.4175760014533997
19095.0 0.46939198837280277
19110.0 0.47853601598739626
19125.0 0.4754879825592041
19140.0 0.4754879825592041
19155.0 0.47243998546600346
19170.0 0.43891201744079594
19185.0 0.42367199563980107
19200.0 0.4175760014533997
19215.0 0.4632959941864014
19230.0 0.4663439912796021
19245.0 0.48158401308059695
19260.0 0.47853601598739626
19275.0 0.4754879825592041
19290.0 0.4754879825592041
19305.0 0.47853601598739626
19320.0 0.4754879825592041
19335.0 0.4754879825592041
19350.0 0.47853601598739626
19365.0 0.47853601598739626
19380.0 0.47853601598739626
19395.0 0.47853601598739626
19410.0 0.4754879825592041
19425.0 0.490728004360199
19440.0 0.48158401308059695
19455.0 0.47853601598739626
19470.0 0.4754879825592041
19485.0 0.4754879825592041
19500.0 0.47243998546600346
19515.0 0.47243998546600346
19530.0 0.47243998546600346
19545.0 0.47243998546600346
19560.0 0.4754879825592041
19575.0 0.4754879825592041
19590.0 0.46939198837280277
19605.0 0.48158401308059695
19620.0 0.4754879825592041
19635.0 0.4663439912796021
19650.0 0.45720000000000005
19665.0 0.45720000000000005
19680.0 0.4632959941864014
19695.0 0.46939198837280277
19710.0 0.47243998546600346
19725.0 0.4754879825592041
19740.0 0.47243998546600346
19755.0 0.46939198837280277
19770.0 0.46939198837280277
19785.0 0.48768000726699834
19800.0 0.47853601598739626
19815.0 0.4754879825592041
19830.0 0.48158401308059695
19845.0 0.47853601598739626
19860.0 0.48463201017379764
19875.0 0.48768000726699834
19890.0 0.48768000726699834
19905.0 0.49682399854660036
19920.0 0.49987199563980106
19935.0 0.49987199563980106
19950.0 0.49377600145339967
19965.0 0.5059679898262024
19980.0 0.5059679898262024
19995.0 0.5029199927330017
20010.0 0.49987199563980106
20025.0 0.49987199563980106
20040.0 0.5029199927330017
20055.0 0.5029199927330017
20070.0 0.49987199563980106
20085.0 0.49987199563980106
20100.0 0.49987199563980106
20115.0 0.5029199927330017
20130.0 0.49987199563980106
20145.0 0.5120639840126038
20160.0 0.5059679898262024
20175.0 0.5090159869194031
20190.0 0.5090159869194031
20205.0 0.5029199927330017
20220.0 0.5059679898262024
20235.0 0.5090159869194031
20250.0 0.5120639840126038
20265.0 0.5120639840126038
20280.0 0.5212080116271973
20295.0 0.5181600145339966
20310.0 0.5181600145339966
20325.0 0.5334
20340.0 0.5273040058135987
20355.0 0.5303520029067993
20370.0 0.5334
20385.0 0.5334
20400.0 0.5334
20415.0 0.5334
20430.0 0.5334
20445.0 0.5364479970932007
20460.0 0.5364479970932007
20475.0 0.5334
20490.0 0.5394959941864014
20505.0 0.5516879825592041
20520.0 0.5486399854660035
20535.0 0.5516879825592041
20550.0 0.5608320101737977
20565.0 0.5699760014533997
20580.0 0.5821679898262024
20595.0 0.5852159869194031
20610.0 0.5791199927330017
20625.0 0.576071995639801
20640.0 0.5821679898262024
20655.0 0.5943600145339966
20670.0 0.6035040058135986
20685.0 0.6065520029067993
20700.0 0.600456008720398
20715.0 0.600456008720398
20730.0 0.600456008720398
20745.0 0.6035040058135986
20760.0 0.6035040058135986
20775.0 0.600456008720398
20790.0 0.600456008720398
20805.0 0.600456008720398
20820.0 0.600456008720398
20835.0 0.6035040058135986
20850.0 0.6035040058135986
20865.0 0.6126479970932007
20880.0 0.6035040058135986
20895.0 0.6035040058135986
20910.0 0.6035040058135986
20925.0 0.6096
20940.0 0.6096
20955.0 0.6096
20970.0 0.6065520029067993
20985.0 0.6065520029067993
21000.0 0.6035040058135986
21015.0 0.6035040058135986
21030.0 0.5974080116271973
21045.0 0.6035040058135986
21060.0 0.6065520029067993
21075.0 0.6035040058135986
21090.0 0.6096
21105.0 0.6278879825592041
21120.0 0.6400799709320069
21135.0 0.6492240348815919
21150.0 0.6553200290679932
21165.0 0.6614160232543945
21180.0 0.6675120174407959
21195.0 0.6675120174407959
21210.0 0.6705600145339966
21225.0 0.676656008720398
21240.0 0.6705600145339966
21255.0 0.6675120174407959
21270.0 0.6705600145339966
21285.0 0.6705600145339966
21300.0 0.6705600145339966
21315.0 0.6736080116271973
21330.0 0.676656008720398
21345.0 0.6797040058135987
21360.0 0.6736080116271973
21375.0 0.6736080116271973
21390.0 0.6797040058135987
21405.0 0.6797040058135987
21420.0 0.676656008720398
21435.0 0.6736080116271973
21450.0 0.6644640203475952
21465.0 0.6644640203475952
21480.0 0.6614160232543945
21495.0 0.6553200290679932
21510.0 0.6522720319747926
21525.0 0.6492240348815919
21540.0 0.6461759651184082
21555.0 0.6309359796524048
21570.0 0.6156959941864014
21585.0 0.6096
21600.0 0.6096
21615.0 0.6339839767456055
21630.0 0.6309359796524048
21645.0 0.6248399854660035
21660.0 0.6248399854660035
21675.0 0.6248399854660035
21690.0 0.6278879825592041
21705.0 0.6248399854660035
21720.0 0.6278879825592041
21735.0 0.6278879825592041
21750.0 0.6309359796524048
21765.0 0.6339839767456055
21780.0 0.6309359796524048
21795.0 0.6278879825592041
21810.0 0.6248399854660035
21825.0 0.6187439912796021
21840.0 0.6217919883728028
21855.0 0.6187439912796021
21870.0 0.6187439912796021
21885.0 0.6126479970932007
21900.0 0.6096
21915.0 0.6096
21930.0 0.6065520029067993
21945.0 0.6156959941864014
21960.0 0.6096
21975.0 0.6096
21990.0 0.6065520029067993
22005.0 0.6065520029067993
22020.0 0.6065520029067993
22035.0 0.6065520029067993
22050.0 0.5882639840126038
22065.0 0.5882639840126038
22080.0 0.5882639840126038
22095.0 0.6217919883728028
22110.0 0.6339839767456055
22125.0 0.6675120174407959
22140.0 0.7071359796524048
22155.0 0.7589520029067993
22170.0 0.8168640203475953
22185.0 0.8625839767456055
22200.0 0.905256008720398
22215.0 0.9326879825592042
22230.0 0.9540240348815918
22245.0 0.972312017440796
22260.0 0.9845040058135986
22275.0 0.9966959941864014
22290.0 1.0149839767456055
22305.0 1.0271759651184083
22320.0 1.0363200290679933
22335.0 1.0454640203475953
22350.0 1.048512017440796
22365.0 1.057656008720398
22380.0 1.0546080116271974
22395.0 1.0637520029067993
22410.0 1.0728959941864014
22425.0 1.0728959941864014
22440.0 1.0820399854660034
22455.0 1.0911839767456055
22470.0 1.0942319738388062
22485.0 1.106424034881592
22500.0 1.106424034881592
22515.0 1.1094720319747926
22530.0 1.133856008720398
22545.0 1.1978640203475952
22560.0 1.2649200290679932
22575.0 1.3472160232543946
22590.0 1.4112240348815919
22605.0 1.4599919883728028
22620.0 1.5087599418640139
22635.0 1.524
22650.0 1.5361919883728028
22665.0 1.5392400581359864
22680.0 1.524
22695.0 1.5118080116271972
22710.0 1.5087599418640139
22725.0 1.496567953491211
22740.0 1.4538959941864014
22755.0 1.420367953491211
22770.0 1.389887982559204
22785.0 1.3685519302368165
22800.0 1.3350240348815918
22815.0 1.3014959941864015
22830.0 1.2710160232543946
22845.0 1.2344400581359865
22860.0 1.2039600145339966
22875.0 1.1765279680252076
22890.0 1.1490959941864014
22905.0 1.1277600145339965
22920.0 1.106424034881592
22935.0 1.0881359796524048
22950.0 1.0728959941864014
22965.0 1.0607040058135986
22980.0 1.0515600145339967
22995.0 1.0454640203475953
23010.0 1.0424160232543946
23025.0 1.0454640203475953
23040.0 1.0515600145339967
23055.0 1.0637520029067993
23070.0 1.0850879825592041
23085.0 1.1125200290679933
23100.0 1.1399520029067993
23115.0 1.1673839767456056
23130.0 1.1887200290679931
23145.0 1.2070080116271973
23160.0 1.2222480697631837
23175.0 1.228344063949585
23190.0 1.2313919883728028
23205.0 1.2344400581359865
23220.0 1.2313919883728028
23235.0 1.2252959941864014
23250.0 1.2192
23265.0 1.210056008720398
23280.0 1.2039600145339966
23295.0 1.1948160232543945
23310.0 1.1856720319747927
23325.0 1.1795759651184083
23340.0 1.173479970932007
23355.0 1.173479970932007
23370.0 1.1704319738388063
23385.0 1.1765279680252076
23400.0 1.1856720319747927
23415.0 1.1917680261611938
23430.0 1.200912017440796
23445.0 1.2070080116271973
23460.0 1.2161520029067994
23475.0 1.2161520029067994
23490.0 1.2252959941864014
23505.0 1.2313919883728028
23520.0 1.2618719593048096
23535.0 1.2893040058135987
23550.0 1.3197839767456054
23565.0 1.3563599418640138
23580.0 1.4142719593048096
23595.0 1.505712017440796
23610.0 1.609344063949585
23625.0 1.7465040058135988
23640.0 1.8348959941864014
23655.0 1.868424034881592
23670.0 1.9171919883728028
23685.0 1.9324320465087892
23700.0 1.9781519302368165
23715.0 2.020824034881592
23730.0 2.0543519302368165
23745.0 2.0543519302368165
23760.0 2.0817839767456054
23775.0 2.1183599418640138
23790.0 2.1579839767456055
23805.0 2.197608011627197
23820.0 2.2341839767456055
23835.0 2.2829519302368166
23850.0 2.3500080116271973
23865.0 2.4140160232543946
23880.0 2.4932640930175785
23895.0 2.584703860473633
23910.0 2.6670000000000003
23925.0 2.7432000000000003
23940.0 2.813303860473633
23955.0 2.852927895355225
23970.0 2.901696139526367
23985.0 2.9413198837280277
24000.0 2.9687519302368166
24015.0 2.99008812789917
24030.0 3.0022801162719728
24045.0 3.0175198837280277
24060.0 3.02971187210083
24075.0 3.0175198837280277
24090.0 3.0175198837280277
24105.0 3.0144721046447756
24120.0 2.993135906982422
24135.0 2.9718
24150.0 2.9535118721008304
24165.0 2.9321759651184083
24180.0 2.9077919883728027
24195.0 2.8773118721008304
24210.0 2.859024034881592
24225.0 2.8285439186096193
24240.0 2.810256081390381
24255.0 2.776727895355225
24270.0 2.776727895355225
24285.0 2.7492961395263675
24300.0 2.6974801162719726
24315.0 2.6700480697631837
24330.0 2.6426160232543947
24345.0 2.612135906982422
24360.0 2.5877519302368164
24375.0 2.5572721046447757
24390.0 2.53288812789917
24405.0 2.505456081390381
24420.0 2.4810721046447757
24435.0 2.4536400581359863
24450.0 2.4353519302368167
24465.0 2.410967953491211
24480.0 2.3835360523223876
24495.0 2.3713440639495853
24510.0 2.3561040058135987
24525.0 2.331720029067993
24540.0 2.313432046508789
24555.0 2.2920959941864014
24570.0 2.2738080116271973
24585.0 2.2738080116271973
24600.0 2.255520029067993
24615.0 2.2250400581359866
24630.0 2.197608011627197
24645.0 2.1793200290679935
24660.0 2.1671280406951907
24675.0 2.154936052322388
24690.0 2.1396959941864013
24705.0 2.121408011627197
24720.0 2.115312017440796
24735.0 2.1000719593048096
24750.0 2.087879970932007
24765.0 2.0726400581359865
24780.0 2.0695919883728027
24795.0 2.0543519302368165
24810.0 2.039112017440796
24825.0 2.033016023254395
24840.0 2.0238719593048096
24855.0 2.017775965118408
24870.0 2.0055839767456054
24885.0 1.9872959941864015
24900.0 1.9872959941864015
24915.0 1.9872959941864015
24930.0 1.9690080116271973
24945.0 1.9476719593048097
24960.0 1.9415759651184084
24975.0 1.9232879825592042
24990.0 1.9110959941864014
25005.0 1.914144063949585
25020.0 1.886712017440796
25035.0 1.9080480697631836
25050.0 1.8653759651184083
25065.0 1.8501360523223878
25080.0 1.8257519302368166
25095.0 1.8135599418640138
25110.0 1.7983200290679933
25125.0 1.780032046508789
25140.0 1.764791988372803
25155.0 1.7526000000000002
25170.0 1.7404080116271974
25185.0 1.725167953491211
25200.0 1.7099280406951904
25215.0 1.6946879825592043
25230.0 1.6855440639495851
25245.0 1.6733519302368165
25260.0 1.6611599418640137
25275.0 1.648967953491211
25290.0 1.6337280406951906
25305.0 1.6245839767456056
25320.0 1.609344063949585
25335.0 1.5971519302368165
25350.0 1.5941040058135987
25365.0 1.5758160232543945
25380.0 1.563624034881592
25395.0 1.554479970932007
25410.0 1.5422879825592042
25425.0 1.533144063949585
25440.0 1.5270480697631836
25455.0 1.514855936050415
25470.0 1.5118080116271972
25485.0 1.4935200290679933
25500.0 1.4935200290679933
25515.0 1.478279970932007
25530.0 1.4843759651184083
25545.0 1.4599919883728028
25560.0 1.4538959941864014
25575.0 1.4386559360504152
25590.0 1.4234160232543946
25605.0 1.4173200290679933
25620.0 1.4173200290679933
25635.0 1.399032046508789
25650.0 1.389887982559204
25665.0 1.3776959941864015
25680.0 1.3746480697631838
25695.0 1.3594080116271974
25710.0 1.3472160232543946
25725.0 1.3380719593048096
25740.0 1.3380719593048096
25755.0 1.3258799709320068
25770.0 1.3350240348815918
25785.0 1.3106400581359865
25800.0 1.3167360523223877
25815.0 1.2984480697631837
25830.0 1.2832080116271973
25845.0 1.277112017440796
25860.0 1.2649200290679932
25875.0 1.277112017440796
25890.0 1.2435839767456056
25905.0 1.2405360523223878
25920.0 1.2222480697631837
25935.0 1.2131040058135987
25950.0 1.1978640203475952
25965.0 1.1978640203475952
25980.0 1.1917680261611938
25995.0 1.182624034881592
26010.0 1.182624034881592
26025.0 1.1795759651184083
26040.0 1.173479970932007
26055.0 1.173479970932007
26070.0 1.1582399854660035
26085.0 1.1704319738388063
26100.0 1.1612879825592042
26115.0 1.1490959941864014
26130.0 1.1460479970932007
26145.0 1.1399520029067993
26160.0 1.1399520029067993
26175.0 1.152143991279602
26190.0 1.1369040058135986
26205.0 1.133856008720398
26220.0 1.133856008720398
26235.0 1.143
26250.0 1.1369040058135986
26265.0 1.143
26280.0 1.1490959941864014
26295.0 1.1277600145339965
26310.0 1.1277600145339965
26325.0 1.133856008720398
26340.0 1.1277600145339965
26355.0 1.1369040058135986
26370.0 1.1216640203475954
26385.0 1.1247120174407959
26400.0 1.1247120174407959
26415.0 1.1216640203475954
26430.0 1.1216640203475954
26445.0 1.143
26460.0 1.1247120174407959
26475.0 1.133856008720398
26490.0 1.1308080116271972
26505.0 1.1247120174407959
26520.0 1.1369040058135986
26535.0 1.133856008720398
26550.0 1.1186160232543947
26565.0 1.1186160232543947
26580.0 1.1277600145339965
26595.0 1.115568026161194
26610.0 1.1094720319747926
26625.0 1.1399520029067993
26640.0 1.1369040058135986
26655.0 1.1277600145339965
26670.0 1.1277600145339965
26685.0 1.1369040058135986
26700.0 1.1247120174407959
26715.0 1.115568026161194
26730.0 1.115568026161194
26745.0 1.1216640203475954
26760.0 1.1277600145339965
26775.0 1.115568026161194
26790.0 1.1186160232543947
26805.0 1.1094720319747926
26820.0 1.1186160232543947
26835.0 1.115568026161194
26850.0 1.1308080116271972
26865.0 1.1277600145339965
26880.0 1.115568026161194
26895.0 1.1247120174407959
26910.0 1.1216640203475954
26925.0 1.1186160232543947
26940.0 1.115568026161194
26955.0 1.1094720319747926
26970.0 1.1033759651184083
26985.0 1.1125200290679933
27000.0 1.115568026161194
27015.0 1.106424034881592
27030.0 1.115568026161194
27045.0 1.115568026161194
27060.0 1.106424034881592
27075.0 1.1033759651184083
27090.0 1.1186160232543947
27105.0 1.106424034881592
27120.0 1.1033759651184083
27135.0 1.1094720319747926
27150.0 1.1003279680252076
27165.0 1.106424034881592
27180.0 1.106424034881592
27195.0 1.1003279680252076
27210.0 1.106424034881592
27225.0 1.0942319738388062
27240.0 1.097279970932007
27255.0 1.0942319738388062
27270.0 1.0942319738388062
27285.0 1.1094720319747926
27300.0 1.1033759651184083
27315.0 1.097279970932007
27330.0 1.0942319738388062
27345.0 1.097279970932007
27360.0 1.1033759651184083
27375.0 1.0911839767456055
27390.0 1.115568026161194
27405.0 1.106424034881592
27420.0 1.106424034881592
27435.0 1.1003279680252076
27450.0 1.0911839767456055
27465.0 1.1033759651184083
27480.0 1.0942319738388062
27495.0 1.097279970932007
27510.0 1.1033759651184083
27525.0 1.1003279680252076
27540.0 1.106424034881592
27555.0 1.0942319738388062
27570.0 1.0942319738388062
27585.0 1.1033759651184083
27600.0 1.097279970932007
27615.0 1.1033759651184083
27630.0 1.0911839767456055
27645.0 1.0911839767456055
27660.0 1.1003279680252076
27675.0 1.097279970932007
27690.0 1.0942319738388062
27705.0 1.1033759651184083
27720.0 1.097279970932007
27735.0 1.0942319738388062
27750.0 1.0942319738388062
27765.0 1.097279970932007
27780.0 1.097279970932007
27795.0 1.0911839767456055
27810.0 1.0911839767456055
27825.0 1.0881359796524048
27840.0 1.0911839767456055
27855.0 1.0942319738388062
27870.0 1.106424034881592
27885.0 1.0942319738388062
27900.0 1.0911839767456055
27915.0 1.0942319738388062
27930.0 1.0942319738388062
27945.0 1.0881359796524048
27960.0 1.097279970932007
27975.0 1.0942319738388062
27990.0 1.1003279680252076
28005.0 1.0911839767456055
28020.0 1.0942319738388062
28035.0 1.0942319738388062
28050.0 1.0850879825592041
28065.0 1.0942319738388062
28080.0 1.097279970932007
28095.0 1.0911839767456055
28110.0 1.0911839767456055
28125.0 1.0911839767456055
28140.0 1.0881359796524048
28155.0 1.0881359796524048
28170.0 1.0881359796524048
28185.0 1.1003279680252076
28200.0 1.0911839767456055
28215.0 1.0942319738388062
28230.0 1.0881359796524048
28245.0 1.097279970932007
28260.0 1.1094720319747926
28275.0 1.1033759651184083
28290.0 1.097279970932007
28305.0 1.097279970932007
28320.0 1.0911839767456055
28335.0 1.097279970932007
28350.0 1.106424034881592
28365.0 1.0881359796524048
28380.0 1.0942319738388062
28395.0 1.0911839767456055
28410.0 1.0911839767456055
28425.0 1.1003279680252076
28440.0 1.0942319738388062
28455.0 1.0942319738388062
28470.0 1.0881359796524048
28485.0 1.0911839767456055
28500.0 1.097279970932007
28515.0 1.0881359796524048
28530.0 1.0850879825592041
28545.0 1.0850879825592041
28560.0 1.0942319738388062
28575.0 1.097279970932007
28590.0 1.0942319738388062
28605.0 1.0911839767456055
28620.0 1.0881359796524048
28635.0 1.1033759651184083
28650.0 1.0881359796524048
28665.0 1.0881359796524048
28680.0 1.1094720319747926
28695.0 1.0850879825592041
28710.0 1.097279970932007
28725.0 1.0881359796524048
28740.0 1.0850879825592041
28755.0 1.1003279680252076
28770.0 1.0850879825592041
28785.0 1.0820399854660034
28800.0 1.0820399854660034
28815.0 1.0850879825592041
28830.0 1.0789919883728027
28845.0 1.0911839767456055
28860.0 1.075943991279602
28875.0 1.0789919883728027
28890.0 1.0911839767456055
28905.0 1.075943991279602
28920.0 1.0881359796524048
28935.0 1.0820399854660034
28950.0 1.0789919883728027
28965.0 1.0820399854660034
28980.0 1.0820399854660034
28995.0 1.0789919883728027
29010.0 1.0850879825592041
29025.0 1.0942319738388062
29040.0 1.0850879825592041
29055.0 1.0850879825592041
29070.0 1.0850879825592041
29085.0 1.097279970932007
29100.0 1.0850879825592041
29115.0 1.0942319738388062
29130.0 1.0881359796524048
29145.0 1.0911839767456055
29160.0 1.0911839767456055
29175.0 1.0820399854660034
29190.0 1.0820399854660034
29205.0 1.0789919883728027
29220.0 1.0881359796524048
29235.0 1.0820399854660034
29250.0 1.0789919883728027
29265.0 1.0881359796524048
29280.0 1.075943991279602
29295.0 1.0820399854660034
29310.0 1.0850879825592041
29325.0 1.0850879825592041
29340.0 1.0789919883728027
29355.0 1.0881359796524048
29370.0 1.0850879825592041
29385.0 1.0789919883728027
29400.0 1.0789919883728027
29415.0 1.0820399854660034
29430.0 1.0698479970932007
29445.0 1.075943991279602
29460.0 1.0789919883728027
29475.0 1.075943991279602
29490.0 1.0728959941864014
29505.0 1.0698479970932007
29520.0 1.0820399854660034
29535.0 1.0820399854660034
29550.0 1.0789919883728027
29565.0 1.075943991279602
29580.0 1.0728959941864014
29595.0 1.075943991279602
29610.0 1.0789919883728027
29625.0 1.075943991279602
29640.0 1.0789919883728027
29655.0 1.0820399854660034
29670.0 1.075943991279602
29685.0 1.0728959941864014
29700.0 1.075943991279602
29715.0 1.0850879825592041
29730.0 1.075943991279602
29745.0 1.0789919883728027
29760.0 1.0820399854660034
29775.0 1.0911839767456055
29790.0 1.075943991279602
29805.0 1.075943991279602
29820.0 1.0728959941864014
29835.0 1.0728959941864014
29850.0 1.0728959941864014
29865.0 1.075943991279602
29880.0 1.075943991279602
29895.0 1.075943991279602
29910.0 1.075943991279602
29925.0 1.0789919883728027
29940.0 1.075943991279602
29955.0 1.0850879825592041
29970.0 1.0881359796524048
29985.0 1.0820399854660034
30000.0 1.0789919883728027
30015.0 1.0850879825592041
30030.0 1.0820399854660034
30045.0 1.075943991279602
30060.0 1.0728959941864014
30075.0 1.075943991279602
30090.0 1.0850879825592041
30105.0 1.097279970932007
30120.0 1.075943991279602
30135.0 1.0789919883728027
30150.0 1.0789919883728027
30165.0 1.0820399854660034
30180.0 1.0820399854660034
30195.0 1.0789919883728027
30210.0 1.075943991279602
30225.0 1.075943991279602
30240.0 1.0789919883728027
30255.0 1.0789919883728027
30270.0 1.0820399854660034
30285.0 1.075943991279602
30300.0 1.0789919883728027
30315.0 1.0820399854660034
30330.0 1.0820399854660034
30345.0 1.0820399854660034
30360.0 1.075943991279602
30375.0 1.075943991279602
30390.0 1.0789919883728027
30405.0 1.0789919883728027
30420.0 1.0820399854660034
30435.0 1.075943991279602
30450.0 1.075943991279602
30465.0 1.075943991279602
30480.0 1.0820399854660034
30495.0 1.0789919883728027
30510.0 1.0789919883728027
30525.0 1.0728959941864014
30540.0 1.0789919883728027
30555.0 1.075943991279602
30570.0 1.0728959941864014
30585.0 1.0820399854660034
30600.0 1.0820399854660034
30615.0 1.0850879825592041
30630.0 1.0789919883728027
30645.0 1.0820399854660034
30660.0 1.075943991279602
30675.0 1.075943991279602
30690.0 1.075943991279602
30705.0 1.0789919883728027
30720.0 1.075943991279602
30735.0 1.075943991279602
30750.0 1.0789919883728027
30765.0 1.0789919883728027
30780.0 1.075943991279602
30795.0 1.0881359796524048
30810.0 1.0850879825592041
30825.0 1.0820399854660034
30840.0 1.0881359796524048
30855.0 1.0789919883728027
30870.0 1.0820399854660034
30885.0 1.0820399854660034
30900.0 1.0820399854660034
30915.0 1.0789919883728027
30930.0 1.0789919883728027
30945.0 1.0789919883728027
30960.0 1.0820399854660034
30975.0 1.097279970932007
30990.0 1.0881359796524048
31005.0 1.0881359796524048
31020.0 1.0850879825592041
31035.0 1.0789919883728027
31050.0 1.075943991279602
31065.0 1.0789919883728027
31080.0 1.0789919883728027
31095.0 1.075943991279602
31110.0 1.0820399854660034
31125.0 1.075943991279602
31140.0 1.0820399854660034
31155.0 1.0820399854660034
31170.0 1.0820399854660034
31185.0 1.0942319738388062
31200.0 1.0820399854660034
31215.0 1.0820399854660034
31230.0 1.075943991279602
31245.0 1.0789919883728027
31260.0 1.0728959941864014
31275.0 1.0850879825592041
31290.0 1.0850879825592041
31305.0 1.0850879825592041
31320.0 1.0881359796524048
31335.0 1.0850879825592041
31350.0 1.0820399854660034
31365.0 1.0789919883728027
31380.0 1.075943991279602
31395.0 1.0820399854660034
31410.0 1.0789919883728027
31425.0 1.0881359796524048
31440.0 1.075943991279602
31455.0 1.0789919883728027
31470.0 1.0820399854660034
31485.0 1.0850879825592041
31500.0 1.0820399854660034
31515.0 1.0789919883728027
31530.0 1.0789919883728027
31545.0 1.0728959941864014
31560.0 1.075943991279602
31575.0 1.0850879825592041
31590.0 1.0789919883728027
31605.0 1.0728959941864014
31620.0 1.0728959941864014
31635.0 1.0881359796524048
31650.0 1.075943991279602
31665.0 1.075943991279602
31680.0 1.0728959941864014
31695.0 1.075943991279602
31710.0 1.075943991279602
31725.0 1.075943991279602
31740.0 1.0789919883728027
31755.0 1.0850879825592041
31770.0 1.0728959941864014
31785.0 1.0850879825592041
31800.0 1.1003279680252076
31815.0 1.0789919883728027
31830.0 1.0789919883728027
31845.0 1.0789919883728027
31860.0 1.075943991279602
31875.0 1.0881359796524048
31890.0 1.0911839767456055
31905.0 1.0728959941864014
31920.0 1.0728959941864014
31935.0 1.0698479970932007
31950.0 1.0728959941864014
31965.0 1.0728959941864014
31980.0 1.0728959941864014
31995.0 1.0728959941864014
32010.0 1.0728959941864014
32025.0 1.075943991279602
32040.0 1.075943991279602
32055.0 1.0728959941864014
32070.0 1.0728959941864014
32085.0 1.0728959941864014
32100.0 1.0728959941864014
32115.0 1.0728959941864014
32130.0 1.0728959941864014
32145.0 1.075943991279602
32160.0 1.0728959941864014
32175.0 1.075943991279602
32190.0 1.075943991279602
32205.0 1.0698479970932007
32220.0 1.0698479970932007
32235.0 1.0698479970932007
32250.0 1.075943991279602
32265.0 1.075943991279602
32280.0 1.0668
32295.0 1.0728959941864014
32310.0 1.0728959941864014
32325.0 1.0698479970932007
32340.0 1.075943991279602
32355.0 1.0728959941864014
32370.0 1.0698479970932007
32385.0 1.075943991279602
32400.0 1.0668
32415.0 1.0698479970932007
32430.0 1.075943991279602
32445.0 1.0728959941864014
32460.0 1.0698479970932007
32475.0 1.0698479970932007
32490.0 1.0698479970932007
32505.0 1.0728959941864014
32520.0 1.0698479970932007
32535.0 1.0698479970932007
32550.0 1.0698479970932007
32565.0 1.0698479970932007
32580.0 1.0668
32595.0 1.0698479970932007
32610.0 1.0728959941864014
32625.0 1.0698479970932007
32640.0 1.0698479970932007
32655.0 1.0728959941864014
32670.0 1.0728959941864014
32685.0 1.0820399854660034
32700.0 1.075943991279602
32715.0 1.0637520029067993
32730.0 1.0698479970932007
32745.0 1.075943991279602
32760.0 1.0698479970932007
32775.0 1.0820399854660034
32790.0 1.075943991279602
32805.0 1.0728959941864014
32820.0 1.0728959941864014
32835.0 1.0637520029067993
32850.0 1.0637520029067993
32865.0 1.075943991279602
32880.0 1.0668
32895.0 1.0668
32910.0 1.0820399854660034
32925.0 1.0668
32940.0 1.0698479970932007
32955.0 1.075943991279602
32970.0 1.0668
32985.0 1.0698479970932007
33000.0 1.0789919883728027
33015.0 1.075943991279602
33030.0 1.0698479970932007
33045.0 1.0698479970932007
33060.0 1.0698479970932007
33075.0 1.0668
33090.0 1.0728959941864014
33105.0 1.0728959941864014
33120.0 1.0698479970932007
33135.0 1.075943991279602
33150.0 1.0698479970932007
33165.0 1.0728959941864014
33180.0 1.0789919883728027
33195.0 1.0698479970932007
33210.0 1.0728959941864014
33225.0 1.0668
33240.0 1.0637520029067993
33255.0 1.0668
33270.0 1.0668
33285.0 1.0668
33300.0 1.0637520029067993
33315.0 1.0668
33330.0 1.075943991279602
33345.0 1.0728959941864014
33360.0 1.0637520029067993
33375.0 1.0668
33390.0 1.0698479970932007
33405.0 1.0698479970932007
33420.0 1.0728959941864014
33435.0 1.0728959941864014
33450.0 1.0820399854660034
33465.0 1.075943991279602
33480.0 1.0698479970932007
33495.0 1.0698479970932007
33510.0 1.0728959941864014
33525.0 1.0698479970932007
33540.0 1.0668
33555.0 1.0668
33570.0 1.0637520029067993
33585.0 1.0728959941864014
33600.0 1.0698479970932007
33615.0 1.0698479970932007
33630.0 1.0698479970932007
33645.0 1.0698479970932007
33660.0 1.0698479970932007
33675.0 1.0668
33690.0 1.0820399854660034
33705.0 1.0668
33720.0 1.0637520029067993
33735.0 1.0668
33750.0 1.0698479970932007
33765.0 1.0637520029067993
33780.0 1.0698479970932007
33795.0 1.075943991279602
33810.0 1.0698479970932007
33825.0 1.0698479970932007
33840.0 1.0637520029067993
33855.0 1.0728959941864014
33870.0 1.0668
33885.0 1.0607040058135986
33900.0 1.0637520029067993
33915.0 1.075943991279602
33930.0 1.0698479970932007
33945.0 1.0668
33960.0 1.0698479970932007
33975.0 1.0668
33990.0 1.0698479970932007
34005.0 1.0698479970932007
34020.0 1.0698479970932007
34035.0 1.0728959941864014
34050.0 1.0728959941864014
34065.0 1.0698479970932007
34080.0 1.0668
34095.0 1.0728959941864014
34110.0 1.075943991279602
34125.0 1.0698479970932007
34140.0 1.0668
34155.0 1.0728959941864014
34170.0 1.0668
34185.0 1.0668
34200.0 1.0728959941864014
34215.0 1.0698479970932007
34230.0 1.075943991279602
34245.0 1.0698479970932007
34260.0 1.0668
34275.0 1.0698479970932007
34290.0 1.0698479970932007
34305.0 1.0698479970932007
34320.0 1.0728959941864014
34335.0 1.0698479970932007
34350.0 1.0728959941864014
34365.0 1.0668
34380.0 1.0668
34395.0 1.0728959941864014
34410.0 1.0698479970932007
34425.0 1.0668
34440.0 1.0637520029067993
34455.0 1.0698479970932007
34470.0 1.0607040058135986
34485.0 1.0698479970932007
34500.0 1.0698479970932007
34515.0 1.0637520029067993
34530.0 1.0668
34545.0 1.075943991279602
34560.0 1.0637520029067993
34575.0 1.0668
34590.0 1.0668
34605.0 1.0668
34620.0 1.0668
34635.0 1.0637520029067993
34650.0 1.0668
34665.0 1.0637520029067993
34680.0 1.0668
34695.0 1.0668
34710.0 1.0728959941864014
34725.0 1.0637520029067993
34740.0 1.0668
34755.0 1.0607040058135986
34770.0 1.0698479970932007
34785.0 1.0668
34800.0 1.0668
34815.0 1.0668
34830.0 1.0668
34845.0 1.0698479970932007
34860.0 1.0668
34875.0 1.0728959941864014
34890.0 1.0698479970932007
34905.0 1.075943991279602
34920.0 1.0698479970932007
34935.0 1.0728959941864014
34950.0 1.0728959941864014
34965.0 1.0728959941864014
34980.0 1.075943991279602
34995.0 1.0728959941864014
35010.0 1.0820399854660034
35025.0 1.0789919883728027
35040.0 1.0728959941864014
35055.0 1.0698479970932007
35070.0 1.0728959941864014
35085.0 1.0698479970932007
35100.0 1.0698479970932007
35115.0 1.0668
35130.0 1.0668
35145.0 1.0698479970932007
35160.0 1.0698479970932007
35175.0 1.0698479970932007
35190.0 1.0698479970932007
35205.0 1.0698479970932007
35220.0 1.0698479970932007
35235.0 1.0668
35250.0 1.0698479970932007
35265.0 1.0698479970932007
35280.0 1.0728959941864014
35295.0 1.075943991279602
35310.0 1.0698479970932007
35325.0 1.0728959941864014
35340.0 1.0728959941864014
35355.0 1.0698479970932007
35370.0 1.0698479970932007
35385.0 1.0698479970932007
35400.0 1.0668
35415.0 1.0698479970932007
35430.0 1.0668
35445.0 1.0698479970932007
35460.0 1.0668
35475.0 1.0698479970932007
35490.0 1.0668
35505.0 1.0728959941864014
35520.0 1.0698479970932007
35535.0 1.0668
35550.0 1.0728959941864014
35565.0 1.0698479970932007
35580.0 1.075943991279602
35595.0 1.0698479970932007
35610.0 1.0698479970932007
35625.0 1.0789919883728027
35640.0 1.0698479970932007
35655.0 1.0728959941864014
35670.0 1.075943991279602
35685.0 1.0728959941864014
35700.0 1.0668
35715.0 1.0637520029067993
35730.0 1.0668
35745.0 1.0668
35760.0 1.0637520029067993
35775.0 1.0637520029067993
35790.0 1.0607040058135986
35805.0 1.0637520029067993
35820.0 1.0607040058135986
35835.0 1.0607040058135986
35850.0 1.0668
35865.0 1.0668
35880.0 1.0668
35895.0 1.0637520029067993
35910.0 1.0698479970932007
35925.0 1.0698479970932007
35940.0 1.0698479970932007
35955.0 1.0698479970932007
35970.0 1.0728959941864014
35985.0 1.0668
36000.0 1.0668
36015.0 1.0698479970932007
36030.0 1.0668
36045.0 1.0637520029067993
36060.0 1.0637520029067993
36075.0 1.0607040058135986
36090.0 1.0607040058135986
36105.0 1.0637520029067993
36120.0 1.0607040058135986
36135.0 1.0607040058135986
36150.0 1.0607040058135986
36165.0 1.0607040058135986
36180.0 1.0668
36195.0 1.0607040058135986
36210.0 1.0607040058135986
36225.0 1.0607040058135986
36240.0 1.0637520029067993
36255.0 1.0607040058135986
36270.0 1.057656008720398
36285.0 1.0637520029067993
36300.0 1.0607040058135986
36315.0 1.057656008720398
36330.0 1.0607040058135986
36345.0 1.0637520029067993
36360.0 1.0607040058135986
36375.0 1.0637520029067993
36390.0 1.0607040058135986
36405.0 1.057656008720398
36420.0 1.057656008720398
36435.0 1.057656008720398
36450.0 1.057656008720398
36465.0 1.057656008720398
36480.0 1.0668
36495.0 1.0637520029067993
36510.0 1.0546080116271974
36525.0 1.0668
36540.0 1.057656008720398
36555.0 1.0607040058135986
36570.0 1.057656008720398
36585.0 1.057656008720398
36600.0 1.0637520029067993
36615.0 1.0607040058135986
36630.0 1.0607040058135986
36645.0 1.057656008720398
36660.0 1.0607040058135986
36675.0 1.057656008720398
36690.0 1.0668
36705.0 1.0607040058135986
36720.0 1.0607040058135986
36735.0 1.057656008720398
36750.0 1.057656008720398
36765.0 1.0607040058135986
36780.0 1.0546080116271974
36795.0 1.0607040058135986
36810.0 1.057656008720398
36825.0 1.0607040058135986
36840.0 1.0546080116271974
36855.0 1.0607040058135986
36870.0 1.057656008720398
36885.0 1.057656008720398
36900.0 1.0546080116271974
36915.0 1.0515600145339967
36930.0 1.0546080116271974
36945.0 1.0546080116271974
36960.0 1.0515600145339967
36975.0 1.0546080116271974
36990.0 1.0515600145339967
37005.0 1.0546080116271974
37020.0 1.057656008720398
37035.0 1.0515600145339967
37050.0 1.0515600145339967
37065.0 1.0546080116271974
37080.0 1.0515600145339967
37095.0 1.057656008720398
37110.0 1.0515600145339967
37125.0 1.0515600145339967
37140.0 1.0546080116271974
37155.0 1.0515600145339967
37170.0 1.0546080116271974
37185.0 1.048512017440796
37200.0 1.0546080116271974
37215.0 1.0546080116271974
37230.0 1.0454640203475953
37245.0 1.0454640203475953
37260.0 1.0515600145339967
37275.0 1.048512017440796
37290.0 1.0454640203475953
37305.0 1.0454640203475953
37320.0 1.0454640203475953
37335.0 1.048512017440796
37350.0 1.048512017440796
37365.0 1.0424160232543946
37380.0 1.0454640203475953
37395.0 1.0454640203475953
37410.0 1.039368026161194
37425.0 1.0424160232543946
37440.0 1.039368026161194
37455.0 1.0363200290679933
37470.0 1.0363200290679933
37485.0 1.0424160232543946
37500.0 1.0332720319747926
37515.0 1.0332720319747926
37530.0 1.0332720319747926
37545.0 1.0302240348815919
37560.0 1.0271759651184083
37575.0 1.0363200290679933
37590.0 1.0302240348815919
37605.0 1.0363200290679933
37620.0 1.0302240348815919
37635.0 1.0332720319747926
37650.0 1.0363200290679933
37665.0 1.0332720319747926
37680.0 1.0332720319747926
37695.0 1.0332720319747926
37710.0 1.0363200290679933
37725.0 1.0363200290679933
37740.0 1.0271759651184083
37755.0 1.0363200290679933
37770.0 1.0332720319747926
37785.0 1.0332720319747926
37800.0 1.0332720319747926
37815.0 1.0332720319747926
37830.0 1.0271759651184083
37845.0 1.0271759651184083
37860.0 1.0332720319747926
37875.0 1.0241279680252076
37890.0 1.0271759651184083
37905.0 1.0271759651184083
37920.0 1.0302240348815919
37935.0 1.0210799709320069
37950.0 1.0271759651184083
37965.0 1.0241279680252076
37980.0 1.0302240348815919
37995.0 1.0210799709320069
38010.0 1.0210799709320069
38025.0 1.0271759651184083
38040.0 1.0210799709320069
38055.0 1.0241279680252076
38070.0 1.0241279680252076
38085.0 1.0271759651184083
38100.0 1.0210799709320069
38115.0 1.0241279680252076
38130.0 1.0180319738388062
38145.0 1.0271759651184083
38160.0 1.0180319738388062
38175.0 1.0210799709320069
38190.0 1.0149839767456055
38205.0 1.0180319738388062
38220.0 1.0119359796524048
38235.0 1.0180319738388062
38250.0 1.0149839767456055
38265.0 1.0149839767456055
38280.0 1.0149839767456055
38295.0 1.0241279680252076
38310.0 1.0119359796524048
38325.0 1.0119359796524048
38340.0 1.0119359796524048
38355.0 1.0180319738388062
38370.0 1.0180319738388062
38385.0 1.0241279680252076
38400.0 1.0180319738388062
38415.0 1.0241279680252076
38430.0 1.0210799709320069
38445.0 1.0180319738388062
38460.0 1.0210799709320069
38475.0 1.0180319738388062
38490.0 1.0241279680252076
38505.0 1.0119359796524048
38520.0 1.008887982559204
38535.0 1.008887982559204
38550.0 1.0119359796524048
38565.0 1.0149839767456055
38580.0 1.008887982559204
38595.0 1.0149839767456055
38610.0 1.0149839767456055
38625.0 1.0149839767456055
38640.0 1.0119359796524048
38655.0 1.0119359796524048
38670.0 1.008887982559204
38685.0 1.0058399854660034
38700.0 1.0027919883728027
38715.0 1.008887982559204
38730.0 0.9997439912796021
38745.0 0.9997439912796021
38760.0 0.9997439912796021
38775.0 0.9966959941864014
38790.0 0.9936479970932007
38805.0 0.9936479970932007
38820.0 0.9966959941864014
38835.0 0.9966959941864014
38850.0 0.9997439912796021
38865.0 0.9936479970932007
38880.0 0.9966959941864014
38895.0 0.9966959941864014
38910.0 0.9906
38925.0 1.0027919883728027
38940.0 0.9936479970932007
38955.0 0.9936479970932007
38970.0 0.9997439912796021
38985.0 0.9997439912796021
39000.0 0.9906
39015.0 0.9845040058135986
39030.0 0.981456008720398
39045.0 0.9936479970932007
39060.0 0.9875520029067993
39075.0 0.981456008720398
39090.0 0.9784080116271973
39105.0 0.9784080116271973
39120.0 0.981456008720398
39135.0 0.9753600145339967
39150.0 0.9753600145339967
39165.0 0.9692640203475953
39180.0 0.9753600145339967
39195.0 0.972312017440796
39210.0 0.972312017440796
39225.0 0.972312017440796
39240.0 0.972312017440796
39255.0 0.972312017440796
39270.0 0.9753600145339967
39285.0 0.9784080116271973
39300.0 0.9753600145339967
39315.0 0.9662160232543946
39330.0 0.9692640203475953
39345.0 0.9662160232543946
39360.0 0.9662160232543946
39375.0 0.9662160232543946
39390.0 0.9631680261611939
39405.0 0.9631680261611939
39420.0 0.9692640203475953
39435.0 0.9601200290679932
39450.0 0.9631680261611939
39465.0 0.9601200290679932
39480.0 0.9601200290679932
39495.0 0.9662160232543946
39510.0 0.9692640203475953
39525.0 0.9631680261611939
39540.0 0.9631680261611939
39555.0 0.9631680261611939
39570.0 0.9601200290679932
39585.0 0.9631680261611939
39600.0 0.9692640203475953
39615.0 0.9601200290679932
39630.0 0.9540240348815918
39645.0 0.9601200290679932
39660.0 0.9570720319747925
39675.0 0.9540240348815918
39690.0 0.9479279680252075
39705.0 0.9570720319747925
39720.0 0.9479279680252075
39735.0 0.9479279680252075
39750.0 0.9418319738388062
39765.0 0.9418319738388062
39780.0 0.9448799709320069
39795.0 0.9418319738388062
39810.0 0.9357359796524048
39825.0 0.9448799709320069
39840.0 0.9326879825592042
39855.0 0.9296399854660035
39870.0 0.9296399854660035
39885.0 0.9265919883728028
39900.0 0.9265919883728028
39915.0 0.9265919883728028
39930.0 0.9235439912796021
39945.0 0.9235439912796021
39960.0 0.9265919883728028
39975.0 0.9265919883728028
39990.0 0.9235439912796021
40005.0 0.9235439912796021
40020.0 0.9235439912796021
40035.0 0.9265919883728028
40050.0 0.9204959941864014
40065.0 0.9204959941864014
40080.0 0.9204959941864014
40095.0 0.9204959941864014
40110.0 0.9235439912796021
40125.0 0.9204959941864014
40140.0 0.9235439912796021
40155.0 0.9204959941864014
40170.0 0.9144000000000001
40185.0 0.9174479970932007
40200.0 0.9113520029067994
40215.0 0.9235439912796021
40230.0 0.9083040058135987
40245.0 0.9083040058135987
40260.0 0.9113520029067994
40275.0 0.905256008720398
40290.0 0.9022080116271973
40305.0 0.9022080116271973
40320.0 0.905256008720398
40335.0 0.8961120174407959
40350.0 0.8930640203475952
40365.0 0.8900160232543946
40380.0 0.8930640203475952
40395.0 0.8900160232543946
40410.0 0.8839200290679932
40425.0 0.8869680261611939
40440.0 0.8839200290679932
40455.0 0.8839200290679932
40470.0 0.8808720319747926
40485.0 0.8869680261611939
40500.0 0.8900160232543946
40515.0 0.8747759651184083
40530.0 0.8778240348815919
40545.0 0.8717279680252076
40560.0 0.8717279680252076
40575.0 0.8656319738388062
40590.0 0.8656319738388062
40605.0 0.8595359796524048
40620.0 0.8625839767456055
40635.0 0.8564879825592041
40650.0 0.8534399854660034
40665.0 0.8595359796524048
40680.0 0.8564879825592041
40695.0 0.8503919883728028
40710.0 0.8503919883728028
40725.0 0.8473439912796021
40740.0 0.8534399854660034
40755.0 0.8473439912796021
40770.0 0.8412479970932008
40785.0 0.8351520029067994
40800.0 0.8382000000000001
40815.0 0.8351520029067994
40830.0 0.8382000000000001
40845.0 0.8382000000000001
40860.0 0.8351520029067994
40875.0 0.829056008720398
40890.0 0.8351520029067994
40905.0 0.8321040058135987
40920.0 0.829056008720398
40935.0 0.8351520029067994
40950.0 0.8260080116271973
40965.0 0.829056008720398
40980.0 0.8260080116271973
40995.0 0.8229600145339966
41010.0 0.8199120174407959
41025.0 0.8199120174407959
41040.0 0.8199120174407959
41055.0 0.8168640203475953
41070.0 0.8138160232543946
41085.0 0.8138160232543946
41100.0 0.8168640203475953
41115.0 0.8168640203475953
41130.0 0.8077200290679932
41145.0 0.8046720319747925
41160.0 0.8016240348815918
41175.0 0.8046720319747925
41190.0 0.7985759651184082
41205.0 0.8046720319747925
41220.0 0.8046720319747925
41235.0 0.7955279680252075
41250.0 0.7955279680252075
41265.0 0.7985759651184082
41280.0 0.7894319738388061
41295.0 0.7894319738388061
41310.0 0.7924799709320068
41325.0 0.7833359796524049
41340.0 0.7894319738388061
41355.0 0.7894319738388061
41370.0 0.7833359796524049
41385.0 0.7833359796524049
41400.0 0.7802879825592042
41415.0 0.7772399854660035
41430.0 0.7680959941864014
41445.0 0.7680959941864014
41460.0 0.7650479970932007
41475.0 0.7741919883728028
41490.0 0.762
41505.0 0.762
41520.0 0.7589520029067993
41535.0 0.762
41550.0 0.7559040058135986
41565.0 0.7559040058135986
41580.0 0.7559040058135986
41595.0 0.7498080116271973
41610.0 0.7498080116271973
41625.0 0.752856008720398
41640.0 0.7498080116271973
41655.0 0.7498080116271973
41670.0 0.7406640203475953
41685.0 0.743712017440796
41700.0 0.7376160232543946
41715.0 0.7315200290679932
41730.0 0.7284720319747925
41745.0 0.7284720319747925
41760.0 0.7254240348815918
41775.0 0.7376160232543946
41790.0 0.7315200290679932
41805.0 0.7284720319747925
41820.0 0.7254240348815918
41835.0 0.7284720319747925
41850.0 0.7223759651184083
41865.0 0.7223759651184083
41880.0 0.7193279680252076
41895.0 0.7223759651184083
41910.0 0.7101839767456055
41925.0 0.7223759651184083
41940.0 0.7162799709320069
41955.0 0.7132319738388062
41970.0 0.7101839767456055
41985.0 0.7101839767456055
42000.0 0.7071359796524048
42015.0 0.7040879825592041
42030.0 0.7010399854660034
42045.0 0.7040879825592041
42060.0 0.7010399854660034
42075.0 0.7010399854660034
42090.0 0.6918959941864014
42105.0 0.6979919883728027
42120.0 0.694943991279602
42135.0 0.6918959941864014
42150.0 0.6858000000000001
42165.0 0.6827520029067994
42180.0 0.6858000000000001
42195.0 0.6827520029067994
42210.0 0.6736080116271973
42225.0 0.6675120174407959
42240.0 0.6705600145339966
42255.0 0.6705600145339966
42270.0 0.6644640203475952
42285.0 0.6827520029067994
42300.0 0.6858000000000001
42315.0 0.6797040058135987
42330.0 0.6736080116271973
42345.0 0.6705600145339966
42360.0 0.6675120174407959
42375.0 0.6675120174407959
42390.0 0.6736080116271973
42405.0 0.6705600145339966
42420.0 0.6644640203475952
42435.0 0.6644640203475952
42450.0 0.6583680261611938
42465.0 0.6705600145339966
42480.0 0.6705600145339966
42495.0 0.6583680261611938
42510.0 0.6583680261611938
42525.0 0.6583680261611938
42540.0 0.6553200290679932
42555.0 0.6522720319747926
42570.0 0.6461759651184082
42585.0 0.6492240348815919
42600.0 0.6461759651184082
42615.0 0.6522720319747926
42630.0 0.6461759651184082
42645.0 0.6553200290679932
42660.0 0.6522720319747926
42675.0 0.6492240348815919
42690.0 0.6431279680252076
42705.0 0.6400799709320069
42720.0 0.6400799709320069
42735.0 0.6400799709320069
42750.0 0.6370319738388062
42765.0 0.6400799709320069
42780.0 0.6431279680252076
42795.0 0.6400799709320069
42810.0 0.6339839767456055
42825.0 0.6461759651184082
42840.0 0.6431279680252076
42855.0 0.6400799709320069
42870.0 0.6370319738388062
42885.0 0.6400799709320069
42900.0 0.6309359796524048
42915.0 0.6339839767456055
42930.0 0.6309359796524048
42945.0 0.6339839767456055
42960.0 0.6309359796524048
42975.0 0.6278879825592041
42990.0 0.6248399854660035
43005.0 0.6400799709320069
43020.0 0.6370319738388062
43035.0 0.6309359796524048
43050.0 0.6309359796524048
43065.0 0.6248399854660035
43080.0 0.6217919883728028
43095.0 0.6187439912796021
43110.0 0.6217919883728028
43125.0 0.6187439912796021
43140.0 0.6126479970932007
43155.0 0.6156959941864014
43170.0 0.6035040058135986
43185.0 0.6187439912796021
