                   1              8780795
                   2              8780801
                   3              8780391
                   4              8780393
                   5              8780355
                   6              8780357
                   7              8780805
                   8              8780401
                   9              8780807
                  10              8780411
                  11              8780423
                  12              8780425
                  13              8780415
                  14              8780417
                  15              8780745
                  16              8780747
                  17              8780447
                  18              8780455
                  19              8780749
                  20              8780449
                  21              8780467
                  22              8780463
                  23              8780473
                  24              8780475
                  25              8780481
                  26              8780483
                  27              8780499
                  28              8780501
                  29              8780773
                  30              8780783
                  31              8780479
                  32              8780509
                  33              8780821
                  34              8780523
                  35              8780587
                  36              8780599
                  37              8780627
                  38              8780833
                  39              8780265
                  40              8780287
                  41              8780815
                  42              8780517
                  43              8780817
                  44              8780543
                  45              8780591
                  46              8780603
                  47              8778993
                  48              8778583
                  49              8780263
                  50              8780271
                  51              8780721
                  52              8780723
                  53              8780755
                  54              8780537
                  55              8780589
                  56              8780615
                  57              8780623
                  58              8780655
                  59              8780827
                  60              8780665
                  61              8778989
                  62              8776637
                  63              8776641
                  64              8776647
                  65              8780771
                  66              8780269
                  67              8780315
                  68              8780329
                  69              8780551
                  70              8780759
                  71              8780595
                  72              8780597
                  73              8780635
                  74              8780829
                  75              8776633
                  76              8776639
                  77              8780277
                  78              8780279
                  79              8780775
                  80              8780299
                  81              8780555
                  82              8780725
                  83              8780593
                  84              8780629
                  85              8776645
                  86              8776683
                  87              8780281
                  88              8780289
                  89              8780339
                  90              8780341
                  91              8780569
                  92              8780579
                  93              8776649
                  94              8776661
                  95              8778991
                  96              8778995
                  97              8780293
                  98              8780777
                  99              8780785
                 100              8780719
                 101              8780813
                 102              8780477
                 103              8780503
                 104              8780489
                 105              8780577
                 106              8780617
                 107              8776655
                 108              8778599
                 109              8776651
                 110              8776653
                 111              8780251
                 112              8780769
                 113              8780303
                 114              8780781
                 115              8780779
                 116              8780333
                 117              8780511
                 118              8780513
                 119              8780819
                 120              8780581
                 121              8780645
                 122              8780659
                 123              8776687
                 124              8778585
                 125              8778589
                 126              8776665
                 127              8776635
                 128              8776677
                 129              8780841
                 130              8780843
                 131              8780255
                 132              8780275
                 133              8780313
                 134              8780317
                 135              8780519
                 136              8780521
                 137              8780571
                 138              8780625
                 139              8776689
                 140              8776691
                 141              8778587
                 142              8778593
                 143              8776669
                 144              8776671
                 145              8780837
                 146              8776685
                 147              8778601
                 148              8778619
                 149              8780233
                 150              8780235
                 151              8780283
                 152              8780285
                 153              8780311
                 154              8780321
                 155              8780535
                 156              8780561
                 157              8776719
                 158              8778597
                 159              8778603
                 160              8776699
                 161              8776679
                 162              8778595
                 163              8780839
                 164              8776717
                 165              8780767
                 166              8780241
                 167              8778649
                 168              8778657
                 169              8776895
                 170              8778673
                 171              8780295
                 172              8780297
                 173              8780327
                 174              8780787
                 175              8780527
                 176              8780533
                 177              8776735
                 178              8778613
                 179              8778609
                 180              8778607
                 181              8776701
                 182              8776703
                 183              8780245
                 184              8780247
                 185              8778647
                 186              8776815
                 187              8776905
                 188              8778677
                 189              8780307
                 190              8780325
                 191              8780789
                 192              8780793
                 193              8780485
                 194              8780515
                 195              8780539
                 196              8780567
                 197              8776749
                 198              8776751
                 199              8778635
                 200              8778641
                 201              8776709
                 202              8778605
                 203              8778611
                 204              8776715
                 205              8776777
                 206              8780249
                 207              8776807
                 208              8778645
                 209              8776919
                 210              8780309
                 211              8780361
                 212              8780381
                 213              8780469
                 214              8780491
                 215              8780531
                 216              8780563
                 217              8776723
                 218              8778591
                 219              8776763
                 220              8776767
                 221              8776823
                 222              8778637
                 223              8776739
                 224              8776741
                 225              8778617
                 226              8776799
                 227              8776801
                 228              8778679
                 229              8776933
                 230              8777037
                 231              8777049
                 232              8780797
                 233              8780369
                 234              8780541
                 235              8780547
                 236              8776785
                 237              8778629
                 238              8776769
                 239              8778623
                 240              8778631
                 241              8776821
                 242              8776729
                 243              8778615
                 244              8776753
                 245              8778621
                 246              8776759
                 247              8776761
                 248              8776829
                 249              8778659
                 250              8776947
                 251              8778345
                 252              8780343
                 253              8780349
                 254              8780371
                 255              8780799
                 256              8780803
                 257              8780419
                 258              8780559
                 259              8780565
                 260              8776791
                 261              8776793
                 262              8778625
                 263              8776789
                 264              8776773
                 265              8776775
                 266              8776843
                 267              8776845
                 268              8778687
                 269              8776949
                 270              8780345
                 271              8780347
                 272              8780397
                 273              8780405
                 274              8780825
                 275              8780657
                 276              8777807
                 277              8780727
                 278              8776809
                 279              8776811
                 280              8776781
                 281              8778627
                 282              8776861
                 283              8778665
                 284              8776909
                 285              8776951
                 286              8778695
                 287              8777019
                 288              8780365
                 289              8780791
                 290              8780409
                 291              8780427
                 292              8780651
                 293              8780835
                 294              8780583
                 295              8780585
                 296              8776833
                 297              8778639
                 298              8778643
                 299              8776849
                 300              8776865
                 301              8778667
                 302              8776965
                 303              8778343
                 304              8780379
                 305              8780383
                 306              8780433
                 307              8780441
                 308              8780811
                 309              8780461
                 310              8780605
                 311              8780647
                 312              8780601
                 313              8780729
                 314              8778633
                 315              8776841
                 316              8776797
                 317              8778651
                 318              8776851
                 319              8778655
                 320              8776869
                 321              8776873
                 322              8778675
                 323              8776967
                 324              8780385
                 325              8780389
                 326              8780403
                 327              8780431
                 328              8780809
                 329              8780457
                 330              8780619
                 331              8780731
                 332              8776891
                 333              8776893
                 334              8776881
                 335              8776883
                 336              8776955
                 337              8776957
                 338              8778729
                 339              8778745
                 340              8780377
                 341              8780395
                 342              8780429
                 343              8780443
                 344              8780823
                 345              8780733
                 346              8778119
                 347              8780831
                 348              8776917
                 349              8776921
                 350              8777035
                 351              8778739
                 352              8778653
                 353              8776889
                 354              8776975
                 355              8778709
                 356              8778741
                 357              8778761
                 358              8777113
                 359              8778751
                 360              8777209
                 361              8777217
                 362              8778985
                 363              8780435
                 364              8780611
                 365              8780639
                 366              8776885
                 367              8778661
                 368              8776903
                 369              8778997
                 370              8776939
                 371              8776941
                 372              8776931
                 373              8778669
                 374              8777001
                 375              8778701
                 376              8776981
                 377              8776983
                 378              8777137
                 379              8777139
                 380              8777223
                 381              8777267
                 382              8777389
                 383              8777305
                 384              8777879
                 385              8778943
                 386              8777943
                 387              8778015
                 388              8776913
                 389              8776915
                 390              8778725
                 391              8778733
                 392              8776969
                 393              8778335
                 394              8776977
                 395              8778685
                 396              8776989
                 397              8778339
                 398              8777243
                 399              8777245
                 400              8777343
                 401              8777449
                 402              8778875
                 403              8777565
                 404              8777615
                 405              8778901
                 406              8777899
                 407              8777941
                 408              8776961
                 409              8776945
                 410              8777051
                 411              8777057
                 412              8777005
                 413              8778337
                 414              8776991
                 415              8778747
                 416              8777289
                 417              8777291
                 418              8777321
                 419              8777345
                 420              8777481
                 421              8777555
                 422              8778893
                 423              8777709
                 424              8777897
                 425              8778969
                 426              8778663
                 427              8776973
                 428              8777065
                 429              8778735
                 430              8777015
                 431              8777017
                 432              8777311
                 433              8777329
                 434              8778823
                 435              8777473
                 436              8778959
                 437              8777987
                 438              8777755
                 439              8777895
                 440              8778671
                 441              8778329
                 442              8777079
                 443              8778743
                 444              8777033
                 445              8777039
                 446              8777169
                 447              8778769
                 448              8777331
                 449              8777339
                 450              8777949
                 451              8778967
                 452              8778899
                 453              8777867
                 454              8776995
                 455              8778681
                 456              8777087
                 457              8778347
                 458              8777179
                 459              8778771
                 460              8777359
                 461              8778829
                 462              8778831
                 463              8778849
                 464              8777605
                 465              8777611
                 466              8777955
                 467              8777929
                 468              8777861
                 469              8777855
                 470              8777021
                 471              8777023
                 472              8777013
                 473              8776959
                 474              8777011
                 475              8778693
                 476              8777007
                 477              8777009
                 478              8777111
                 479              8778353
                 480              8777199
                 481              8777177
                 482              8777369
                 483              8777409
                 484              8778879
                 485              8777663
                 486              8777907
                 487              8778385
                 488              8778683
                 489              8777075
                 490              8777025
                 491              8778691
                 492              8777043
                 493              8777045
                 494              8778711
                 495              8778727
                 496              8778697
                 497              8776999
                 498              8777135
                 499              8778763
                 500              8777269
                 501              8777271
                 502              8777313
                 503              8777353
                 504              8778835
                 505              8777511
                 506              8777821
                 507              8777841
                 508              8777081
                 509              8778705
                 510              8778689
                 511              8777071
                 512              8777099
                 513              8777101
                 514              8777105
                 515              8778349
                 516              8777163
                 517              8777167
                 518              8777275
                 519              8778795
                 520              8777385
                 521              8777451
                 522              8777819
                 523              8777923
                 524              8777121
                 525              8778713
                 526              8777107
                 527              8777109
                 528              8778721
                 529              8778723
                 530              8778765
                 531              8778359
                 532              8778363
                 533              8777247
                 534              8777381
                 535              8777387
                 536              8777921
                 537              8778383
                 538              8777141
                 539              8777125
                 540              8777155
                 541              8778749
                 542              8777225
                 543              8778479
                 544              8777377
                 545              8777383
                 546              8778837
                 547              8778839
                 548              8777579
                 549              8778889
                 550              8778905
                 551              8777795
                 552              8777967
                 553              8778955
                 554              8778299
                 555              8782399
                 556              8778715
                 557              8778351
                 558              8778439
                 559              8777173
                 560              8777239
                 561              8777193
                 562              8778489
                 563              8778787
                 564              8777417
                 565              8777419
                 566              8777485
                 567              8778845
                 568              8777631
                 569              8778883
                 570              8778903
                 571              8777797
                 572              8778929
                 573              8777887
                 574              8777937
                 575              8777945
                 576              8778185
                 577              8778297
                 578              8778973
                 579              8778979
                 580              8778199
                 581              8778249
                 582              8777161
                 583              8778719
                 584              8778445
                 585              8777191
                 586              8777253
                 587              8778365
                 588              8778487
                 589              8778497
                 590              8777523
                 591              8777533
                 592              8777601
                 593              8777629
                 594              8777765
                 595              8777813
                 596              8777829
                 597              8777935
                 598              8778975
                 599              8778261
                 600              8778981
                 601              8778169
                 602              8778141
                 603              8778143
                 604              8777221
                 605              8777237
                 606              8777187
                 607              8778451
                 608              8778753
                 609              8778755
                 610              8778491
                 611              8778495
                 612              8777391
                 613              8777393
                 614              8777529
                 615              8777535
                 616              8777633
                 617              8778887
                 618              8777767
                 619              8777825
                 620              8778927
                 621              8777931
                 622              8778103
                 623              8778151
                 624              8778129
                 625              8778155
                 626              8778367
                 627              8778369
                 628              8778453
                 629              8777207
                 630              8778801
                 631              8778503
                 632              8777415
                 633              8777439
                 634              8777649
                 635              8777653
                 636              8777849
                 637              8777851
                 638              8778101
                 639              8778127
                 640              8777297
                 641              8777299
                 642              8778461
                 643              8777229
                 644              8777403
                 645              8777425
                 646              8777739
                 647              8777833
                 648              8778877
                 649              8777703
                 650              8778085
                 651              8778095
                 652              8777307
                 653              8778465
                 654              8777453
                 655              8777443
                 656              8777799
                 657              8777735
                 658              8778957
                 659              8778045
                 660              8778963
                 661              8778065
                 662              8777315
                 663              8777317
                 664              8777441
                 665              8778813
                 666              8777733
                 667              8778907
                 668              8778869
                 669              8777809
                 670              8778947
                 671              8778965
                 672              8778021
                 673              8778023
                 674              8777411
                 675              8777413
                 676              8777469
                 677            933020016
                 678              8777541
                 679              8777685
                 680              8777669
                 681              8778867
                 682              8777727
                 683              8777979
                 684              8778949
                 685              8778945
                 686              8778009
                 687              8777467
                 688              8778811
                 689              8777613
                 690              8777667
                 691              8778373
                 692              8778859
                 693              8777677
                 694              8777711
                 695              8777591
                 696              8778843
                 697              8777951
                 698            933020162
                 699              8777595
                 700              8777597
                 701            166737705
                 702            166737703
                 703              8778865
                 704              8777673
                 705              8777683
                 706              8778377
                 707              8777905
                 708              8778925
                 709            166737704
                 710            166737714
                 711              8777749
                 712              8778379
                 713            166737690
                 714            166737691
                 715            166737715
                 716            166737707
                 717              8778881
                 718              8778971
                 719              8778193
                 720              8777785
                 721              8777827
                 722              8778891
                 723            933020110
                 724            933020115
                 725              8778939
                 726              8778113
                 727              8778061
                 728              8778953
                 729            166737689
                 730            166737701
                 731            166737685
                 732            166737686
                 733              8778387
                 734            166737699
                 735            933020089
